4
         -20.2917023
         225.9332580           54.1535203           24.8698105           55.1169176            0.0000000            0.0000000
           3.4882963            0.0000000            0.0000000
          -1.8958132            3.2836448            0.0000000
           0.0000000            0.0000000            6.2561605
0           -0.1011101            2.1890965            0.0000000
0            1.6935931            1.0945482            3.1280802
1           -0.1011101            2.1890965            2.3377539
1            1.6935931            1.0945482            5.4658342
