4
         -20.5054402
        -120.5997803          -23.9341239          -13.4761393          -25.6921553            0.0000000            0.0000000
           4.0949565            0.0000000            0.0000000
          -1.8958132            3.2836448            0.0000000
           0.0000000            0.0000000            6.2561605
0            0.1011100            2.1890965            0.0000000
0            2.0980333            1.0945482            3.1280802
1            0.1011100            2.1890965            2.3377539
1            2.0980333            1.0945482            5.4658342
