4
         -20.5106786
         156.7524424           36.4387527           16.9455288           37.5293467            0.0000000            0.0000000
           3.5641288            0.0000000            0.0000000
          -1.8958132            3.2836448            0.0000000
           0.0000000            0.0000000            6.2561605
0           -0.0758325            2.1890965            0.0000000
0            1.7441481            1.0945482            3.1280802
1           -0.0758325            2.1890965            2.3377539
1            1.7441481            1.0945482            5.4658342
