4
         -20.4397214
        -130.3594259          -25.7044317          -14.8108221          -27.5626724            0.0000000            0.0000000
           4.1328727            0.0000000            0.0000000
          -1.8958132            3.2836448            0.0000000
           0.0000000            0.0000000            6.2561605
0            0.1137488            2.1890965            0.0000000
0            2.1233108            1.0945482            3.1280802
1            0.1137488            2.1890965            2.3377539
1            2.1233108            1.0945482            5.4658342
