4
         -20.7372159
         -55.0560195          -11.3921163           -5.8844478          -12.1564433            0.0000000            0.0000000
           3.9053752            0.0000000            0.0000000
          -1.8958132            3.2836448            0.0000000
           0.0000000            0.0000000            6.2561605
0            0.0379162            2.1890965            0.0000000
0            1.9716457            1.0945482            3.1280802
1            0.0379162            2.1890965            2.3377539
1            1.9716457            1.0945482            5.4658342
