4
         -20.5926104
         125.6666602           28.7943584           13.4898173           29.8163961            0.0000000            0.0000000
           3.6020451            0.0000000            0.0000000
          -1.8958132            3.2836448            0.0000000
           0.0000000            0.0000000            6.2561605
0           -0.0631938            2.1890965            0.0000000
0            1.7694257            1.0945482            3.1280802
1           -0.0631938            2.1890965            2.3377539
1            1.7694257            1.0945482            5.4658342
