4
         -20.7648148
          21.5917590            4.6949733            2.2738944            4.9254294            0.0000000            0.0000000
           3.7537101            0.0000000            0.0000000
          -1.8958132            3.2836448            0.0000000
           0.0000000            0.0000000            6.2561605
0           -0.0126388            2.1890965            0.0000000
0            1.8705357            1.0945482            3.1280802
1           -0.0126388            2.1890965            2.3377539
1            1.8705357            1.0945482            5.4658342
