4
         -20.1518741
         264.2637858           64.3672633           29.3820700           65.0860331            0.0000000            0.0000000
           3.4503800            0.0000000            0.0000000
          -1.8958132            3.2836448            0.0000000
           0.0000000            0.0000000            6.2561605
0           -0.1137488            2.1890965            0.0000000
0            1.6683156            1.0945482            3.1280802
1           -0.1137488            2.1890965            2.3377539
1            1.6683156            1.0945482            5.4658342
