4
         -20.3689883
        -139.1284297          -27.2695742          -16.0876409          -29.1950920            0.0000000            0.0000000
           4.1707890            0.0000000            0.0000000
          -1.8958132            3.2836448            0.0000000
           0.0000000            0.0000000            6.2561605
0            0.1263875            2.1890965            0.0000000
0            2.1485883            1.0945482            3.1280802
1            0.1263875            2.1890965            2.3377539
1            2.1485883            1.0945482            5.4658342
