4
         -20.5655036
        -109.8075890          -21.9525670          -12.1047454          -23.5571491            0.0000000            0.0000000
           4.0570402            0.0000000            0.0000000
          -1.8958132            3.2836448            0.0000000
           0.0000000            0.0000000            6.2561605
0            0.0884713            2.1890965            0.0000000
0            2.0727558            1.0945482            3.1280802
1            0.0884713            2.1890965            2.3377539
1            2.0727558            1.0945482            5.4658342
