4
         -20.7595907
         -38.2006112           -7.9867958           -4.0752202           -8.5201587            0.0000000            0.0000000
           3.8674589            0.0000000            0.0000000
          -1.8958132            3.2836448            0.0000000
           0.0000000            0.0000000            6.2561605
0            0.0252775            2.1890965            0.0000000
0            1.9463682            1.0945482            3.1280802
1            0.0252775            2.1890965            2.3377539
1            1.9463682            1.0945482            5.4658342
