4
         -20.7722050
         -19.8854201           -4.1901239           -2.1138102           -4.4759131            0.0000000            0.0000000
           3.8295426            0.0000000            0.0000000
          -1.8958132            3.2836448            0.0000000
           0.0000000            0.0000000            6.2561605
0            0.0126387            2.1890965            0.0000000
0            1.9210907            1.0945482            3.1280802
1            0.0126387            2.1890965            2.3377539
1            1.9210907            1.0945482            5.4658342
