4
         -20.6193930
         -97.8806017          -19.7246127          -10.6758129          -21.1534447            0.0000000            0.0000000
           4.0191240            0.0000000            0.0000000
          -1.8958132            3.2836448            0.0000000
           0.0000000            0.0000000            6.2561605
0            0.0758325            2.1890965            0.0000000
0            2.0474783            1.0945482            3.1280802
1            0.0758325            2.1890965            2.3377539
1            2.0474783            1.0945482            5.4658342
