4
         -20.7059224
         -70.5741812          -14.4781016           -7.5781254          -15.4623004            0.0000000            0.0000000
           3.9432914            0.0000000            0.0000000
          -1.8958132            3.2836448            0.0000000
           0.0000000            0.0000000            6.2561605
0            0.0505550            2.1890965            0.0000000
0            1.9969232            1.0945482            3.1280802
1            0.0505550            2.1890965            2.3377539
1            1.9969232            1.0945482            5.4658342
