4
         -20.7076240
          69.8150292           15.5815139            7.3980735           16.2555108            0.0000000            0.0000000
           3.6778776            0.0000000            0.0000000
          -1.8958132            3.2836448            0.0000000
           0.0000000            0.0000000            6.2561605
0           -0.0379163            2.1890965            0.0000000
0            1.8199807            1.0945482            3.1280802
1           -0.0379163            2.1890965            2.3377539
1            1.8199807            1.0945482            5.4658342
