4
         -20.6578989
          96.7425908           21.8714316           10.3106022           22.7414650            0.0000000            0.0000000
           3.6399613            0.0000000            0.0000000
          -1.8958132            3.2836448            0.0000000
           0.0000000            0.0000000            6.2561605
0           -0.0505550            2.1890965            0.0000000
0            1.7947032            1.0945482            3.1280802
1           -0.0505550            2.1890965            2.3377539
1            1.7947032            1.0945482            5.4658342
