4
         -19.9898717
         305.2933513           75.5970564           34.3272331           75.8827852            0.0000000            0.0000000
           3.4124637            0.0000000            0.0000000
          -1.8958132            3.2836448            0.0000000
           0.0000000            0.0000000            6.2561605
0           -0.1263876            2.1890965            0.0000000
0            1.6430381            1.0945482            3.1280802
1           -0.1263876            2.1890965            2.3377539
1            1.6430381            1.0945482            5.4658342
