4
         -20.6664166
         -84.8313253          -17.2295760           -9.1721251          -18.4494665            0.0000000            0.0000000
           3.9812077            0.0000000            0.0000000
          -1.8958132            3.2836448            0.0000000
           0.0000000            0.0000000            6.2561605
0            0.0631938            2.1890965            0.0000000
0            2.0222007            1.0945482            3.1280802
1            0.0631938            2.1890965            2.3377539
1            2.0222007            1.0945482            5.4658342
