4
         -19.9118224
        -136.1345941          -36.5179509         -143.2139743          -26.8617494            0.0000000            0.0000000
           4.1707890            0.0000000            0.0000000
          -1.8958132            3.2836448            0.0000000
           0.0000000            0.0000000            6.8817765
0            0.1263875            2.1890965            0.0000000
0            2.1485883            1.0945482            3.4408883
1            0.1263875            2.1890965            2.5715293
1            2.1485883            1.0945482            6.0124176
