4
         -20.5189351
         112.7112437           34.3883082          129.7122686           23.9206934            0.0000000            0.0000000
           3.6399613            0.0000000            0.0000000
          -1.8958132            3.2836448            0.0000000
           0.0000000            0.0000000            6.0059140
0           -0.0505550            2.1890965            0.0000000
0            1.7947032            1.0945482            3.0029570
1           -0.0505550            2.1890965            2.2442438
1            1.7947032            1.0945482            5.2472008
