4
         -19.6910334
         277.6441349           90.3245530          330.4460082           61.5112730            0.0000000            0.0000000
           3.4882963            0.0000000            0.0000000
          -1.8958132            3.2836448            0.0000000
           0.0000000            0.0000000            5.7556676
0           -0.1011101            2.1890965            0.0000000
0            1.6935931            1.0945482            2.8778338
1           -0.1011101            2.1890965            2.1507336
1            1.6935931            1.0945482            5.0285674
