4
         -20.1977516
        -120.8126208          -32.6948497         -128.4347457          -23.9214985            0.0000000            0.0000000
           4.0949565            0.0000000            0.0000000
          -1.8958132            3.2836448            0.0000000
           0.0000000            0.0000000            6.7566533
0            0.1011100            2.1890965            0.0000000
0            2.0980333            1.0945482            3.3783266
1            0.1011100            2.1890965            2.5247742
1            2.0980333            1.0945482            5.9031009
