4
         -20.6246511
         -74.1701191          -20.6149641          -80.7717374          -14.8536658            0.0000000            0.0000000
           3.9432914            0.0000000            0.0000000
          -1.8958132            3.2836448            0.0000000
           0.0000000            0.0000000            6.5064069
0            0.0505550            2.1890965            0.0000000
0            1.9969232            1.0945482            3.2532034
1            0.0505550            2.1890965            2.4312641
1            1.9969232            1.0945482            5.6844675
