4
         -20.3732057
         148.3522948           45.9166124          172.2178861           31.8073136            0.0000000            0.0000000
           3.6020451            0.0000000            0.0000000
          -1.8958132            3.2836448            0.0000000
           0.0000000            0.0000000            5.9433524
0           -0.0631938            2.1890965            0.0000000
0            1.7694257            1.0945482            2.9716762
1           -0.0631938            2.1890965            2.2208662
1            1.7694257            1.0945482            5.1925425
