4
         -20.7411956
         -41.1635661          -11.6584382          -45.3105524           -8.3169367            0.0000000            0.0000000
           3.8674589            0.0000000            0.0000000
          -1.8958132            3.2836448            0.0000000
           0.0000000            0.0000000            6.3812837
0            0.0252775            2.1890965            0.0000000
0            1.9463682            1.0945482            3.1906418
1            0.0252775            2.1890965            2.3845090
1            1.9463682            1.0945482            5.5751508
