4
         -19.3702782
         328.1284572          109.7751847          394.4601942           73.2136613            0.0000000            0.0000000
           3.4503800            0.0000000            0.0000000
          -1.8958132            3.2836448            0.0000000
           0.0000000            0.0000000            5.6931060
0           -0.1137488            2.1890965            0.0000000
0            1.6683156            1.0945482            2.8465530
1           -0.1137488            2.1890965            2.1273561
1            1.6683156            1.0945482            4.9739091
