4
         -20.6291166
          80.2731368           24.1541382           91.5809141           16.8613872            0.0000000            0.0000000
           3.6778776            0.0000000            0.0000000
          -1.8958132            3.2836448            0.0000000
           0.0000000            0.0000000            6.0684756
0           -0.0379163            2.1890965            0.0000000
0            1.8199807            1.0945482            3.0342378
1           -0.0379163            2.1890965            2.2676213
1            1.8199807            1.0945482            5.3018591
