4
         -20.7541908
          24.1834557            7.0982617           27.0643178            4.9868810            0.0000000            0.0000000
           3.7537101            0.0000000            0.0000000
          -1.8958132            3.2836448            0.0000000
           0.0000000            0.0000000            6.1935988
0           -0.0126388            2.1890965            0.0000000
0            1.8705357            1.0945482            3.0967994
1           -0.0126388            2.1890965            2.3143764
1            1.8705357            1.0945482            5.4111758
