4
         -18.9966436
         383.5136860          131.4989657          465.6088859           86.4756525            0.0000000            0.0000000
           3.4124637            0.0000000            0.0000000
          -1.8958132            3.2836448            0.0000000
           0.0000000            0.0000000            5.6305444
0           -0.1263876            2.1890965            0.0000000
0            1.6430381            1.0945482            2.8152722
1           -0.1263876            2.1890965            2.1039785
1            1.6430381            1.0945482            4.9192507
