4
         -20.7691707
         -21.7149630           -6.2118039          -24.0359780           -4.4211380            0.0000000            0.0000000
           3.8295426            0.0000000            0.0000000
          -1.8958132            3.2836448            0.0000000
           0.0000000            0.0000000            6.3187221
0            0.0126387            2.1890965            0.0000000
0            1.9210907            1.0945482            3.1593610
1            0.0126387            2.1890965            2.3611315
1            1.9210907            1.0945482            5.5204925
