4
         -19.9628663
         230.5963515           73.6533218          272.0401419           50.5379868            0.0000000            0.0000000
           3.5262125            0.0000000            0.0000000
          -1.8958132            3.2836448            0.0000000
           0.0000000            0.0000000            5.8182292
0           -0.0884713            2.1890965            0.0000000
0            1.7188706            1.0945482            2.9091146
1           -0.0884713            2.1890965            2.1741112
1            1.7188706            1.0945482            5.0832258
