4
         -17.7837162
           9.9872281            9.9872281           99.0200660            0.0000000            0.0000000           -0.0000000
           4.2402841            0.0000000            0.0000000
          -2.1201421            3.6721938            0.0000000
           0.0000000            0.0000000            6.6240682
0           -0.0000000            2.4481292            0.0000000
0            2.1201421            1.2240646            3.3120341
1           -0.0000000            2.4481292            2.4788728
1            2.1201421            1.2240646            5.7909069
