4
         -17.8724903
          -7.8997826           -7.8997826          -58.5653757            0.0000000           -0.0000000            0.0000000
           4.2402841            0.0000000            0.0000000
          -2.1201421            3.6721938            0.0000000
           0.0000000            0.0000000            7.3213386
0           -0.0000000            2.4481292            0.0000000
0            2.1201421            1.2240646            3.6606693
1           -0.0000000            2.4481292            2.7398068
1            2.1201421            1.2240646            6.4004760
