4
         -17.8952438
           5.7189688            5.7189688           53.5222354            0.0000000           -0.0000000            0.0000000
           4.2402841            0.0000000            0.0000000
          -2.1201421            3.6721938            0.0000000
           0.0000000            0.0000000            6.7635223
0           -0.0000000            2.4481292            0.0000000
0            2.1201421            1.2240646            3.3817611
1           -0.0000000            2.4481292            2.5310596
1            2.1201421            1.2240646            5.9128207
