4
         -17.9494643
          -3.3159749           -3.3159749          -27.3361813            0.0000000            0.0000000           -0.0000000
           4.2402841            0.0000000            0.0000000
          -2.1201421            3.6721938            0.0000000
           0.0000000            0.0000000            7.1121575
0           -0.0000000            2.4481292            0.0000000
0            2.1201421            1.2240646            3.5560787
1           -0.0000000            2.4481292            2.6615266
1            2.1201421            1.2240646            6.2176053
