4
         -17.7030747
          12.3007190           12.3007190          125.3081335            0.0000000           -0.0000000            0.0000000
           4.2402841            0.0000000            0.0000000
          -2.1201421            3.6721938            0.0000000
           0.0000000            0.0000000            6.5543412
0           -0.0000000            2.4481292            0.0000000
0            2.1201421            1.2240646            3.2771706
1           -0.0000000            2.4481292            2.4527794
1            2.1201421            1.2240646            5.7299500
