4
         -17.9600415
           0.0145025            0.0145025            0.0188759            0.0000000           -0.0000000            0.0000000
           4.2402841            0.0000000            0.0000000
          -2.1201421            3.6721938            0.0000000
           0.0000000            0.0000000            6.9727034
0           -0.0000000            2.4481292            0.0000000
0            2.1201421            1.2240646            3.4863517
1           -0.0000000            2.4481292            2.6093398
1            2.1201421            1.2240646            6.0956915
