4
         -17.6320797
         -14.4384496          -14.4384496          -91.3540597            0.0000000           -0.0000000            0.0000000
           4.2402841            0.0000000            0.0000000
          -2.1201421            3.6721938            0.0000000
           0.0000000            0.0000000            7.6699737
0           -0.0000000            2.4481292            0.0000000
0            2.1201421            1.2240646            3.8349869
1           -0.0000000            2.4481292            2.8702738
1            2.1201421            1.2240646            6.7052606
