4
         -17.9292043
           3.7232015            3.7232015           33.8839790            0.0000000            0.0000000            0.0000000
           4.2402841            0.0000000            0.0000000
          -2.1201421            3.6721938            0.0000000
           0.0000000            0.0000000            6.8332493
0           -0.0000000            2.4481292            0.0000000
0            2.1201421            1.2240646            3.4166247
1           -0.0000000            2.4481292            2.5571530
1            2.1201421            1.2240646            5.9737776
