4
         -17.1733477
          23.1208223           23.1208223          259.6398293            0.0000000            0.0000000            0.0000000
           4.2402841            0.0000000            0.0000000
          -2.1201421            3.6721938            0.0000000
           0.0000000            0.0000000            6.2754331
0           -0.0000000            2.4481292            0.0000000
0            2.1201421            1.2240646            3.1377165
1           -0.0000000            2.4481292            2.3484058
1            2.1201421            1.2240646            5.4861223
