4
         -17.9309203
          -4.9031750           -4.9031750          -38.8952261            0.0000000            0.0000000            0.0000000
           4.2402841            0.0000000            0.0000000
          -2.1201421            3.6721938            0.0000000
           0.0000000            0.0000000            7.1818845
0           -0.0000000            2.4481292            0.0000000
0            2.1201421            1.2240646            3.5909422
1           -0.0000000            2.4481292            2.6876200
1            2.1201421            1.2240646            6.2785622
