4
         -17.9595327
          -1.6678022           -1.6678022          -14.4145823            0.0000000            0.0000000            0.0000000
           4.2402841            0.0000000            0.0000000
          -2.1201421            3.6721938            0.0000000
           0.0000000            0.0000000            7.0424304
0           -0.0000000            2.4481292            0.0000000
0            2.1201421            1.2240646            3.5212152
1           -0.0000000            2.4481292            2.6354332
1            2.1201421            1.2240646            6.1566484
