4
         -17.7900683
         -10.6530026          -10.6530026          -74.1076839            0.0000000            0.0000000           -0.0000000
           4.2402841            0.0000000            0.0000000
          -2.1201421            3.6721938            0.0000000
           0.0000000            0.0000000            7.4607926
0           -0.0000000            2.4481292            0.0000000
0            2.1201421            1.2240646            3.7303963
1           -0.0000000            2.4481292            2.7919936
1            2.1201421            1.2240646            6.5223899
