4
         -17.7414338
         -11.9672462          -11.9672462          -80.6095222            0.0000000           -0.0000000            0.0000000
           4.2402841            0.0000000            0.0000000
          -2.1201421            3.6721938            0.0000000
           0.0000000            0.0000000            7.5305197
0           -0.0000000            2.4481292            0.0000000
0            2.1201421            1.2240646            3.7652598
1           -0.0000000            2.4481292            2.8180870
1            2.1201421            1.2240646            6.5833468
