4
         -17.9051755
          -6.4130214           -6.4130214          -49.2988014            0.0000000            0.0000000            0.0000000
           4.2402841            0.0000000            0.0000000
          -2.1201421            3.6721938            0.0000000
           0.0000000            0.0000000            7.2516115
0           -0.0000000            2.4481292            0.0000000
0            2.1201421            1.2240646            3.6258058
1           -0.0000000            2.4481292            2.7137134
1            2.1201421            1.2240646            6.3395191
