4
         -17.6885863
         -13.2333267          -13.2333267          -86.3333893            0.0000000            0.0000000            0.0000000
           4.2402841            0.0000000            0.0000000
          -2.1201421            3.6721938            0.0000000
           0.0000000            0.0000000            7.6002467
0           -0.0000000            2.4481292            0.0000000
0            2.1201421            1.2240646            3.8001233
1           -0.0000000            2.4481292            2.8441804
1            2.1201421            1.2240646            6.6443037
