4
         -17.3409470
          20.1599556           20.1599556          221.2504756            0.0000000            0.0000000            0.0000000
           4.2402841            0.0000000            0.0000000
          -2.1201421            3.6721938            0.0000000
           0.0000000            0.0000000            6.3451601
0           -0.0000000            2.4481292            0.0000000
0            2.1201421            1.2240646            3.1725800
1           -0.0000000            2.4481292            2.3744992
1            2.1201421            1.2240646            5.5470792
