4
         -18.8554679
        -103.4834016          -23.7317597          -14.8427037          -19.7025636            0.0000000            0.0000000
           4.5200507            0.0000000            0.0000000
          -2.0545685            3.5586170            0.0000000
           0.0000000            0.0000000            6.7515920
0            0.1369712            2.3724114            0.0000000
0            2.3285110            1.1862057            3.3757960
1            0.1369712            2.3724114            2.5273982
1            2.3285110            1.1862057            5.9031942
