4
         -19.2471960
         -14.8876555           -3.6347209           -1.9768666           -3.2021260            0.0000000            0.0000000
           4.1502284            0.0000000            0.0000000
          -2.0545685            3.5586170            0.0000000
           0.0000000            0.0000000            6.7515920
0            0.0136971            2.3724114            0.0000000
0            2.0819628            1.1862057            3.3757960
1            0.0136971            2.3724114            2.5273982
1            2.0819628            1.1862057            5.9031942
