4
         -19.1486870
          72.3548772           18.9245248            9.7246502           16.5310403            0.0000000            0.0000000
           3.9447715            0.0000000            0.0000000
          -2.0545685            3.5586170            0.0000000
           0.0000000            0.0000000            6.7515920
0           -0.0547885            2.3724114            0.0000000
0            1.9449915            1.1862057            3.3757960
1           -0.0547885            2.3724114            2.5273982
1            1.9449915            1.1862057            5.9031942
