4
         -19.1795338
         -52.8955485          -12.5999761           -7.1483391          -10.9156357            0.0000000            0.0000000
           4.2735025            0.0000000            0.0000000
          -2.0545685            3.5586170            0.0000000
           0.0000000            0.0000000            6.7515920
0            0.0547885            2.3724114            0.0000000
0            2.1641455            1.1862057            3.3757960
1            0.0547885            2.3724114            2.5273982
1            2.1641455            1.1862057            5.9031942
