4
         -18.9200838
         142.4994313           39.0318277           19.5580470           33.7766738            0.0000000            0.0000000
           3.8214974            0.0000000            0.0000000
          -2.0545685            3.5586170            0.0000000
           0.0000000            0.0000000            6.7515920
0           -0.0958799            2.3724114            0.0000000
0            1.8628088            1.1862057            3.3757960
1           -0.0958799            2.3724114            2.5273982
1            1.8628088            1.1862057            5.9031942
