4
         -19.0431276
         -81.8849739          -19.0759434          -11.3552615          -16.2045522            0.0000000            0.0000000
           4.3967766            0.0000000            0.0000000
          -2.0545685            3.5586170            0.0000000
           0.0000000            0.0000000            6.7515920
0            0.0958798            2.3724114            0.0000000
0            2.2463282            1.1862057            3.3757960
1            0.0958798            2.3724114            2.5273982
1            2.2463282            1.1862057            5.9031942
