4
         -19.0130147
         117.4204361           31.6512623           15.9884057           27.5324124            0.0000000            0.0000000
           3.8625888            0.0000000            0.0000000
          -2.0545685            3.5586170            0.0000000
           0.0000000            0.0000000            6.7515920
0           -0.0821828            2.3724114            0.0000000
0            1.8902030            1.1862057            3.3757960
1           -0.0821828            2.3724114            2.5273982
1            1.8902030            1.1862057            5.9031942
