4
         -19.2438889
          16.1161862            4.0502404            2.1421013            3.5341765            0.0000000            0.0000000
           4.0680456            0.0000000            0.0000000
          -2.0545685            3.5586170            0.0000000
           0.0000000            0.0000000            6.7515920
0           -0.0136971            2.3724114            0.0000000
0            2.0271743            1.1862057            3.3757960
1           -0.0136971            2.3724114            2.5273982
1            2.0271743            1.1862057            5.9031942
