4
         -19.2335172
         -28.6334382           -6.9404793           -3.8255827           -6.0723891            0.0000000            0.0000000
           4.1913197            0.0000000            0.0000000
          -2.0545685            3.5586170            0.0000000
           0.0000000            0.0000000            6.7515920
0            0.0273942            2.3724114            0.0000000
0            2.1093570            1.1862057            3.3757960
1            0.0273942            2.3724114            2.5273982
1            2.1093570            1.1862057            5.9031942
