4
         -19.2107111
         -41.2933807           -9.9197276           -5.5454731           -8.6391232            0.0000000            0.0000000
           4.2324111            0.0000000            0.0000000
          -2.0545685            3.5586170            0.0000000
           0.0000000            0.0000000            6.7515920
0            0.0410913            2.3724114            0.0000000
0            2.1367513            1.1862057            3.3757960
1            0.0410913            2.3724114            2.5273982
1            2.1367513            1.1862057            5.9031942
