4
         -18.6776017
         198.0500580           56.0662053           27.7043838           48.0624457            0.0000000            0.0000000
           3.7393147            0.0000000            0.0000000
          -2.0545685            3.5586170            0.0000000
           0.0000000            0.0000000            6.7515920
0           -0.1232741            2.3724114            0.0000000
0            1.8080203            1.1862057            3.3757960
1           -0.1232741            2.3724114            2.5273982
1            1.8080203            1.1862057            5.9031942
