4
         -18.9227862
         -97.0595578          -22.3670499          -13.7773940          -18.7295647            0.0000000            0.0000000
           4.4789593            0.0000000            0.0000000
          -2.0545685            3.5586170            0.0000000
           0.0000000            0.0000000            6.7515920
0            0.1232741            2.3724114            0.0000000
0            2.3011167            1.1862057            3.3757960
1            0.1232741            2.3724114            2.5273982
1            2.3011167            1.1862057            5.9031942
