4
         -19.0950705
         -73.1149649          -17.1493197          -10.0441685          -14.6654638            0.0000000            0.0000000
           4.3556852            0.0000000            0.0000000
          -2.0545685            3.5586170            0.0000000
           0.0000000            0.0000000            6.7515920
0            0.0821827            2.3724114            0.0000000
0            2.2189340            1.1862057            3.3757960
1            0.0821827            2.3724114            2.5273982
1            2.2189340            1.1862057            5.9031942
