4
         -19.1407660
         -63.4788459          -14.9990288           -8.6453547          -12.9143406            0.0000000            0.0000000
           4.3145938            0.0000000            0.0000000
          -2.0545685            3.5586170            0.0000000
           0.0000000            0.0000000            6.7515920
0            0.0684856            2.3724114            0.0000000
0            2.1915397            1.1862057            3.3757960
1            0.0684856            2.3724114            2.5273982
1            2.1915397            1.1862057            5.9031942
