4
         -19.2251619
          33.4660247            8.5204117            4.4635879            7.4442017            0.0000000            0.0000000
           4.0269543            0.0000000            0.0000000
          -2.0545685            3.5586170            0.0000000
           0.0000000            0.0000000            6.7515920
0           -0.0273943            2.3724114            0.0000000
0            1.9997800            1.1862057            3.3757960
1           -0.0273943            2.3724114            2.5273982
1            1.9997800            1.1862057            5.9031942
