4
         -19.0888245
          94.0793011           24.9732862           12.7168552           21.7835021            0.0000000            0.0000000
           3.9036801            0.0000000            0.0000000
          -2.0545685            3.5586170            0.0000000
           0.0000000            0.0000000            6.7515920
0           -0.0684856            2.3724114            0.0000000
0            1.9175973            1.1862057            3.3757960
1           -0.0684856            2.3724114            2.5273982
1            1.9175973            1.1862057            5.9031942
