4
         -18.8087372
         169.3371794           47.1406803           23.4505492           40.6123032            0.0000000            0.0000000
           3.7804060            0.0000000            0.0000000
          -2.0545685            3.5586170            0.0000000
           0.0000000            0.0000000            6.7515920
0           -0.1095770            2.3724114            0.0000000
0            1.8354145            1.1862057            3.3757960
1           -0.1095770            2.3724114            2.5273982
1            1.8354145            1.1862057            5.9031942
