4
         -17.6159638
         335.3616629          335.3616629          192.5845579            0.0000000            0.0000000            0.0000000
           3.7393147            0.0000000            0.0000000
          -1.8696573            3.2383415            0.0000000
           0.0000000            0.0000000            6.4477703
0           -0.0000000            2.1588943            0.0000000
0            1.8696573            1.0794472            3.2238852
1           -0.0000000            2.1588943            2.4136653
1            1.8696573            1.0794472            5.6375505
