4
         -17.1670066
         399.2497901          399.2497901          227.1248623            0.0000000            0.0000000            0.0000000
           3.6982233            0.0000000            0.0000000
          -1.8491116            3.2027553            0.0000000
           0.0000000            0.0000000            6.4140124
0           -0.0000000            2.1351702            0.0000000
0            1.8491117            1.0675851            3.2070062
1           -0.0000000            2.1351702            2.4010283
1            1.8491117            1.0675851            5.6080345
