4
         -18.2270749
        -106.0634510         -106.0634510          -75.1563951            0.0000000            0.0000000            0.0000000
           4.5200507            0.0000000            0.0000000
          -2.2600253            3.9144787            0.0000000
           0.0000000            0.0000000            7.0891716
0           -0.0000000            2.6096525            0.0000000
0            2.2600254            1.3048262            3.5445858
1           -0.0000000            2.6096525            2.6537681
1            2.2600254            1.3048262            6.1983539
