4
         -19.2404749
         -19.0840751          -19.0840751          -12.1774488            0.0000000            0.0000000            0.0000000
           4.1502284            0.0000000            0.0000000
          -2.0751142            3.5942032            0.0000000
           0.0000000            0.0000000            6.7853499
0           -0.0000000            2.3961355            0.0000000
0            2.0751142            1.1980677            3.3926750
1           -0.0000000            2.3961355            2.5400352
1            2.0751142            1.1980677            5.9327102
