4
         -18.9585271
         -73.3216747          -73.3216747          -48.8742484            0.0000000           -0.0000000            0.0000000
           4.3145938            0.0000000            0.0000000
          -2.1572969            3.7365479            0.0000000
           0.0000000            0.0000000            6.9203818
0           -0.0000000            2.4910319            0.0000000
0            2.1572969            1.2455159            3.4601909
1           -0.0000000            2.4910319            2.5905832
1            2.1572969            1.2455159            6.0507741
