4
         -18.5578489
         -96.3991846          -96.3991846          -66.7341332            0.0000000            0.0000000            0.0000000
           4.4378680            0.0000000            0.0000000
          -2.2189340            3.8433064            0.0000000
           0.0000000            0.0000000            7.0216556
0           -0.0000000            2.5622043            0.0000000
0            2.2189340            1.2811021            3.5108278
1           -0.0000000            2.5622043            2.6284942
1            2.2189340            1.2811021            6.1393220
