4
         -18.3978670
        -101.7414150         -101.7414150          -71.2609892            0.0000000           -0.0000000            0.0000000
           4.4789593            0.0000000            0.0000000
          -2.2394797            3.8788926            0.0000000
           0.0000000            0.0000000            7.0554136
0           -0.0000000            2.5859284            0.0000000
0            2.2394797            1.2929642            3.5277068
1           -0.0000000            2.5859284            2.6411311
1            2.2394797            1.2929642            6.1688379
