4
         -19.1811602
          46.3935615           46.3935615           28.6374621            0.0000000            0.0000000            0.0000000
           4.0269543            0.0000000            0.0000000
          -2.0134771            3.4874447            0.0000000
           0.0000000            0.0000000            6.6840760
0           -0.0000000            2.3249631            0.0000000
0            2.0134771            1.1624815            3.3420380
1           -0.0000000            2.3249631            2.5021242
1            2.0134771            1.1624815            5.8441623
