4
         -18.7056724
         -89.9763577          -89.9763577          -61.5147700            0.0000000           -0.0000000            0.0000000
           4.3967766            0.0000000            0.0000000
          -2.1983883            3.8077202            0.0000000
           0.0000000            0.0000000            6.9878977
0           -0.0000000            2.5384802            0.0000000
0            2.1983883            1.2692401            3.4939488
1           -0.0000000            2.5384802            2.6158572
1            2.1983883            1.2692401            6.1098060
