4
         -19.0602201
         -62.7082706          -62.7082706          -41.3100308            0.0000000            0.0000000            0.0000000
           4.2735025            0.0000000            0.0000000
          -2.1367512            3.7009617            0.0000000
           0.0000000            0.0000000            6.8866238
0           -0.0000000            2.4673078            0.0000000
0            2.1367513            1.2336539            3.4433119
1           -0.0000000            2.4673078            2.5779462
1            2.1367513            1.2336539            6.0212581
