4
         -18.8013209
         141.9308905          141.9308905           84.8140171            0.0000000            0.0000000           -0.0000000
           3.9036801            0.0000000            0.0000000
          -1.9518401            3.3806862            0.0000000
           0.0000000            0.0000000            6.5828022
0           -0.0000000            2.2537908            0.0000000
0            1.9518401            1.1268954            3.2914011
1           -0.0000000            2.2537908            2.4642133
1            1.9518401            1.1268954            5.7556144
