4
         -19.2320483
          21.7208310           21.7208310           13.5538269            0.0000000            0.0000000            0.0000000
           4.0680456            0.0000000            0.0000000
          -2.0340228            3.5230309            0.0000000
           0.0000000            0.0000000            6.7178340
0           -0.0000000            2.3486872            0.0000000
0            2.0340228            1.1743436            3.3589170
1           -0.0000000            2.3486872            2.5147612
1            2.0340228            1.1743436            5.8736782
