4
         -18.8397731
         -82.3325986          -82.3325986          -55.5725081            0.0000000            0.0000000            0.0000000
           4.3556852            0.0000000            0.0000000
          -2.1778426            3.7721341            0.0000000
           0.0000000            0.0000000            6.9541397
0           -0.0000000            2.5147560            0.0000000
0            2.1778426            1.2573780            3.4770699
1           -0.0000000            2.5147560            2.6032202
1            2.1778426            1.2573780            6.0802900
