4
         -18.5864105
         182.2647934          182.2647934          107.7917347            0.0000000           -0.0000000            0.0000000
           3.8625888            0.0000000            0.0000000
          -1.9312944            3.3451000            0.0000000
           0.0000000            0.0000000            6.5490442
0           -0.0000000            2.2300667            0.0000000
0            1.9312944            1.1150333            3.2745221
1           -0.0000000            2.2300667            2.4515763
1            1.9312944            1.1150333            5.7260984
