4
         -19.2034812
         -35.7654837          -35.7654837          -23.0938751            0.0000000           -0.0000000            0.0000000
           4.1913197            0.0000000            0.0000000
          -2.0956599            3.6297894            0.0000000
           0.0000000            0.0000000            6.8191079
0           -0.0000000            2.4198596            0.0000000
0            2.0956599            1.2099298            3.4095539
1           -0.0000000            2.4198596            2.5526722
1            2.0956599            1.2099298            5.9622262
