4
         -19.0947317
          74.3748658           74.3748658           45.4148244            0.0000000           -0.0000000            0.0000000
           3.9858629            0.0000000            0.0000000
          -1.9929314            3.4518585            0.0000000
           0.0000000            0.0000000            6.6503181
0           -0.0000000            2.3012390            0.0000000
0            1.9929315            1.1506195            3.3251590
1           -0.0000000            2.3012390            2.4894873
1            1.9929315            1.1506195            5.8146463
