4
         -19.0510723
         -12.3537076          -12.3537076          -86.3596508            0.0000000           -0.0000000            0.0000000
           4.1091370            0.0000000            0.0000000
          -2.0545685            3.5586170            0.0000000
           0.0000000            0.0000000            7.2242034
0           -0.0000000            2.3724114            0.0000000
0            2.0545685            1.1862057            3.6121017
1           -0.0000000            2.3724114            2.7043161
1            2.0545685            1.1862057            6.3164178
