4
         -19.2438773
           2.1115903            2.1115903           18.3198288            0.0000000            0.0000000            0.0000000
           4.1091370            0.0000000            0.0000000
          -2.0545685            3.5586170            0.0000000
           0.0000000            0.0000000            6.6840760
0           -0.0000000            2.3724114            0.0000000
0            2.0545685            1.1862057            3.3420380
1           -0.0000000            2.3724114            2.5021242
1            2.0545685            1.1862057            5.8441623
