4
         -18.9043483
          17.2816007           17.2816007          174.4218335            0.0000000            0.0000000           -0.0000000
           4.1091370            0.0000000            0.0000000
          -2.0545685            3.5586170            0.0000000
           0.0000000            0.0000000            6.2789805
0           -0.0000000            2.3724114            0.0000000
0            2.0545685            1.1862057            3.1394903
1           -0.0000000            2.3724114            2.3504804
1            2.0545685            1.1862057            5.4899706
