4
         -18.9969100
         -13.8214719          -13.8214719          -93.9076921            0.0000000           -0.0000000            0.0000000
           4.1091370            0.0000000            0.0000000
          -2.0545685            3.5586170            0.0000000
           0.0000000            0.0000000            7.2917193
0           -0.0000000            2.3724114            0.0000000
0            2.0545685            1.1862057            3.6458597
1           -0.0000000            2.3724114            2.7295901
1            2.0545685            1.1862057            6.3754497
