4
         -19.2471727
          -2.0106358           -2.0106358          -16.6418695            0.0000000            0.0000000           -0.0000000
           4.1091370            0.0000000            0.0000000
          -2.0545685            3.5586170            0.0000000
           0.0000000            0.0000000            6.8191079
0           -0.0000000            2.3724114            0.0000000
0            2.0545685            1.1862057            3.4095539
1           -0.0000000            2.3724114            2.5526722
1            2.0545685            1.1862057            5.9622262
