4
         -19.2249115
           4.3245252            4.3245252           38.4998975            0.0000000           -0.0000000           -0.0000000
           4.1091370            0.0000000            0.0000000
          -2.0545685            3.5586170            0.0000000
           0.0000000            0.0000000            6.6165601
0           -0.0000000            2.3724114            0.0000000
0            2.0545685            1.1862057            3.3082801
1           -0.0000000            2.3724114            2.4768503
1            2.0545685            1.1862057            5.7851303
