4
         -19.1438646
          -9.2239611           -9.2239611          -68.0804375            0.0000000           -0.0000000           -0.0000000
           4.1091370            0.0000000            0.0000000
          -2.0545685            3.5586170            0.0000000
           0.0000000            0.0000000            7.0891716
0           -0.0000000            2.3724114            0.0000000
0            2.0545685            1.1862057            3.5445858
1           -0.0000000            2.3724114            2.6537681
1            2.0545685            1.1862057            6.1983539
