4
         -19.1928716
           6.6466013            6.6466013           60.7230622            0.0000000            0.0000000            0.0000000
           4.1091370            0.0000000            0.0000000
          -2.0545685            3.5586170            0.0000000
           0.0000000            0.0000000            6.5490442
0           -0.0000000            2.3724114            0.0000000
0            2.0545685            1.1862057            3.2745221
1           -0.0000000            2.3724114            2.4515763
1            2.0545685            1.1862057            5.7260984
