4
         -18.9383578
         -15.2314142          -15.2314142         -100.5750407            0.0000000            0.0000000            0.0000000
           4.1091370            0.0000000            0.0000000
          -2.0545685            3.5586170            0.0000000
           0.0000000            0.0000000            7.3592352
0           -0.0000000            2.3724114            0.0000000
0            2.0545685            1.1862057            3.6796176
1           -0.0000000            2.3724114            2.7548641
1            2.0545685            1.1862057            6.4344817
