4
         -18.7838705
          20.3545710           20.3545710          210.0712930            0.0000000           -0.0000000            0.0000000
           4.1091370            0.0000000            0.0000000
          -2.0545685            3.5586170            0.0000000
           0.0000000            0.0000000            6.2114646
0           -0.0000000            2.3724114            0.0000000
0            2.0545685            1.1862057            3.1057323
1           -0.0000000            2.3724114            2.3252064
1            2.0545685            1.1862057            5.4309387
