4
         -19.1811380
          -7.5445648           -7.5445648          -57.1958721            0.0000000            0.0000000            0.0000000
           4.1091370            0.0000000            0.0000000
          -2.0545685            3.5586170            0.0000000
           0.0000000            0.0000000            7.0216556
0           -0.0000000            2.3724114            0.0000000
0            2.0545685            1.1862057            3.5108278
1           -0.0000000            2.3724114            2.6284942
1            2.0545685            1.1862057            6.1393220
