4
         -19.2336336
          -3.9434474           -3.9434474          -31.5920485            0.0000000            0.0000000            0.0000000
           4.1091370            0.0000000            0.0000000
          -2.0545685            3.5586170            0.0000000
           0.0000000            0.0000000            6.8866238
0           -0.0000000            2.3724114            0.0000000
0            2.0545685            1.1862057            3.4433119
1           -0.0000000            2.3724114            2.5779462
1            2.0545685            1.1862057            6.0212581
