4
         -19.1463314
           9.0855813            9.0855813           85.1829953            0.0000000            0.0000000            0.0000000
           4.1091370            0.0000000            0.0000000
          -2.0545685            3.5586170            0.0000000
           0.0000000            0.0000000            6.4815283
0           -0.0000000            2.3724114            0.0000000
0            2.0545685            1.1862057            3.2407641
1           -0.0000000            2.3724114            2.4263023
1            2.0545685            1.1862057            5.6670664
