4
         -18.8759490
         -16.5819409          -16.5819409         -106.4215062            0.0000000            0.0000000            0.0000000
           4.1091370            0.0000000            0.0000000
          -2.0545685            3.5586170            0.0000000
           0.0000000            0.0000000            7.4267512
0           -0.0000000            2.3724114            0.0000000
0            2.0545685            1.1862057            3.7133756
1           -0.0000000            2.3724114            2.7801381
1            2.0545685            1.1862057            6.4935136
