4
         -18.6401934
          23.6192724           23.6192724          249.0978928            0.0000000            0.0000000            0.0000000
           4.1091370            0.0000000            0.0000000
          -2.0545685            3.5586170            0.0000000
           0.0000000            0.0000000            6.1439487
0           -0.0000000            2.3724114            0.0000000
0            2.0545685            1.1862057            3.0719743
1           -0.0000000            2.3724114            2.2999324
1            2.0545685            1.1862057            5.3719067
