4
         -14.1329553
        -101.0366097         -101.0366097          -32.5940963            0.0000000            0.0000000            0.0000000
           4.2754872            0.0000000            0.0000000
          -2.1377436            3.7026805            0.0000000
           0.0000000            0.0000000            6.4536117
0           -0.0000000            2.4684537            0.0000000
0            2.1377436            1.2342268            3.2268058
1           -0.0000000            2.4684537            2.4112192
1            2.1377436            1.2342268            5.6380251
