4
         -14.6316840
         -48.2019556          -48.2019556          -13.8812478            0.0000000           -0.0000000           -0.0000000
           4.0401392            0.0000000            0.0000000
          -2.0200696            3.4988632            0.0000000
           0.0000000            0.0000000            6.4536117
0           -0.0000000            2.3325755            0.0000000
0            2.0200696            1.1662877            3.2268058
1           -0.0000000            2.3325755            2.4112192
1            2.0200696            1.1662877            5.6380251
