4
         -14.6921049
         -18.1132217          -18.1132217           -5.0845805            0.0000000           -0.0000000           -0.0000000
           3.9616899            0.0000000            0.0000000
          -1.9808450            3.4309241            0.0000000
           0.0000000            0.0000000            6.4536117
0           -0.0000000            2.2872828            0.0000000
0            1.9808450            1.1436414            3.2268058
1           -0.0000000            2.2872828            2.4112192
1            1.9808450            1.1436414            5.6380251
