4
         -14.4310145
         -80.2331617          -80.2331617          -24.2826352            0.0000000            0.0000000            0.0000000
           4.1578132            0.0000000            0.0000000
          -2.0789066            3.6007719            0.0000000
           0.0000000            0.0000000            6.4536117
0           -0.0000000            2.4005146            0.0000000
0            2.0789066            1.2002573            3.2268058
1           -0.0000000            2.4005146            2.4112192
1            2.0789066            1.2002573            5.6380251
