4
         -14.0171377
        -106.0762960         -106.0762960          -34.9940660            0.0000000            0.0000000           -0.0000000
           4.3147118            0.0000000            0.0000000
          -2.1573559            3.7366500            0.0000000
           0.0000000            0.0000000            6.4536117
0           -0.0000000            2.4911000            0.0000000
0            2.1573559            1.2455500            3.2268058
1           -0.0000000            2.4911000            2.4112192
1            2.1573559            1.2455500            5.6380251
