4
         -13.4859783
         302.4523735          302.4523735           78.6152382            0.0000000            0.0000000            0.0000000
           3.5694434            0.0000000            0.0000000
          -1.7847217            3.0912287            0.0000000
           0.0000000            0.0000000            6.4536117
0           -0.0000000            2.0608191            0.0000000
0            1.7847217            1.0304095            3.2268058
1           -0.0000000            2.0608191            2.4112192
1            1.7847217            1.0304095            5.6380251
