4
         -14.3534820
         130.3341323          130.3341323           34.3410196            0.0000000           -0.0000000            0.0000000
           3.7263420            0.0000000            0.0000000
          -1.8631710            3.2271069            0.0000000
           0.0000000            0.0000000            6.4536117
0           -0.0000000            2.1514046            0.0000000
0            1.8631710            1.0757023            3.2268058
1           -0.0000000            2.1514046            2.4112192
1            1.8631710            1.0757023            5.6380251
