4
         -14.5104004
         -71.0312898          -71.0312898          -21.0952900            0.0000000           -0.0000000            0.0000000
           4.1185886            0.0000000            0.0000000
          -2.0592943            3.5668023            0.0000000
           0.0000000            0.0000000            6.4536117
0           -0.0000000            2.3778682            0.0000000
0            2.0592943            1.1889341            3.2268058
1           -0.0000000            2.3778682            2.4112192
1            2.0592943            1.1889341            5.6380251
