4
         -14.6368561
          43.2718999           43.2718999           11.7017802            0.0000000            0.0000000            0.0000000
           3.8440160            0.0000000            0.0000000
          -1.9220080            3.3290155            0.0000000
           0.0000000            0.0000000            6.4536117
0           -0.0000000            2.2193437            0.0000000
0            1.9220080            1.1096718            3.2268058
1           -0.0000000            2.2193437            2.4112192
1            1.9220080            1.1096718            5.6380251
