4
         -14.4777155
          97.8430582           97.8430582           25.9747782            0.0000000           -0.0000000           -0.0000000
           3.7655667            0.0000000            0.0000000
          -1.8827833            3.2610764            0.0000000
           0.0000000            0.0000000            6.4536117
0           -0.0000000            2.1740509            0.0000000
0            1.8827834            1.0870255            3.2268058
1           -0.0000000            2.1740509            2.4112192
1            1.8827834            1.0870255            5.6380251
