4
         -13.7655749
         252.2516984          252.2516984           65.6594688            0.0000000           -0.0000000            0.0000000
           3.6086681            0.0000000            0.0000000
          -1.8043340            3.1251982            0.0000000
           0.0000000            0.0000000            6.4536117
0           -0.0000000            2.0834655            0.0000000
0            1.8043340            1.0417327            3.2268058
1           -0.0000000            2.0834655            2.4112192
1            1.8043340            1.0417327            5.6380251
