4
         -14.2412361
         -95.1275590          -95.1275590          -30.0127366            0.0000000            0.0000000           -0.0000000
           4.2362625            0.0000000            0.0000000
          -2.1181312            3.6687109            0.0000000
           0.0000000            0.0000000            6.4536117
0           -0.0000000            2.4458073            0.0000000
0            2.1181313            1.2229036            3.2268058
1           -0.0000000            2.4458073            2.4112192
1            2.1181313            1.2229036            5.6380251
