4
         -14.0008638
         207.1837573          207.1837573           54.0981461            0.0000000            0.0000000           -0.0000000
           3.6478927            0.0000000            0.0000000
          -1.8239464            3.1591678            0.0000000
           0.0000000            0.0000000            6.4536117
0           -0.0000000            2.1061119            0.0000000
0            1.8239464            1.0530559            3.2268058
1           -0.0000000            2.1061119            2.4112192
1            1.8239464            1.0530559            5.6380251
