4
         -13.1577285
         358.3611292          358.3611292           93.1603392            0.0000000            0.0000000            0.0000000
           3.5302187            0.0000000            0.0000000
          -1.7651094            3.0572591            0.0000000
           0.0000000            0.0000000            6.4536117
0           -0.0000000            2.0381728            0.0000000
0            1.7651094            1.0190864            3.2268058
1           -0.0000000            2.0381728            2.4112192
1            1.7651094            1.0190864            5.6380251
