4
         -14.5711249
          68.9716370           68.9716370           18.5381797            0.0000000           -0.0000000            0.0000000
           3.8047913            0.0000000            0.0000000
          -1.9023957            3.2950459            0.0000000
           0.0000000            0.0000000            6.4536117
0           -0.0000000            2.1966973            0.0000000
0            1.9023957            1.0983486            3.2268058
1           -0.0000000            2.1966973            2.4112192
1            1.9023957            1.0983486            5.6380251
