4
         -14.5778233
         -60.4595820          -60.4595820          -17.6583199            0.0000000           -0.0000000            0.0000000
           4.0793639            0.0000000            0.0000000
          -2.0396819            3.5328328            0.0000000
           0.0000000            0.0000000            6.4536117
0           -0.0000000            2.3552219            0.0000000
0            2.0396820            1.1776109            3.2268058
1           -0.0000000            2.3552219            2.4112192
1            2.0396820            1.1776109            5.6380251
