4
         -14.3408900
         -88.2227020          -88.2227020          -27.2672544            0.0000000           -0.0000000            0.0000000
           4.1970379            0.0000000            0.0000000
          -2.0985189            3.6347414            0.0000000
           0.0000000            0.0000000            6.4536117
0           -0.0000000            2.4231609            0.0000000
0            2.0985189            1.2115805            3.2268058
1           -0.0000000            2.4231609            2.4112192
1            2.0985189            1.2115805            5.6380251
