4
         -20.7686819
         -24.5961557          -24.5961557          -15.1853564            0.0000000           -0.0000000           -0.0000000
           3.8295426            0.0000000            0.0000000
          -1.9147713            3.3164812            0.0000000
           0.0000000            0.0000000            6.2874413
0           -0.0000000            2.2109875            0.0000000
0            1.9147713            1.1054937            3.1437206
1           -0.0000000            2.2109875            2.3494427
1            1.9147713            1.1054937            5.4931633
