4
         -20.2486284
        -117.7615005         -117.7615005          -77.7149149            0.0000000           -0.0000000            0.0000000
           4.0570402            0.0000000            0.0000000
          -2.0285201            3.5134999            0.0000000
           0.0000000            0.0000000            6.4751261
0           -0.0000000            2.3423333            0.0000000
0            2.0285201            1.1711666            3.2375630
1           -0.0000000            2.3423333            2.4195753
1            2.0285201            1.1711666            5.6571384
