4
         -19.0981411
         423.5954262          423.5954262          237.4455140            0.0000000            0.0000000            0.0000000
           3.4503800            0.0000000            0.0000000
          -1.7251900            2.9881167            0.0000000
           0.0000000            0.0000000            5.9746332
0           -0.0000000            1.9920778            0.0000000
0            1.7251900            0.9960389            2.9873166
1           -0.0000000            1.9920778            2.2325550
1            1.7251900            0.9960389            5.2198716
