4
         -20.6933246
          59.6781878           59.6781878           35.6617603            0.0000000           -0.0000000            0.0000000
           3.7157938            0.0000000            0.0000000
          -1.8578969            3.2179719            0.0000000
           0.0000000            0.0000000            6.1935988
0           -0.0000000            2.1453146            0.0000000
0            1.8578969            1.0726573            3.0967994
1           -0.0000000            2.1453146            2.3143764
1            1.8578969            1.0726573            5.4111758
