4
         -20.5996594
         -81.1110163          -81.1110163          -51.8119738            0.0000000            0.0000000            0.0000000
           3.9432914            0.0000000            0.0000000
          -1.9716457            3.4149905            0.0000000
           0.0000000            0.0000000            6.3812837
0           -0.0000000            2.2766604            0.0000000
0            1.9716457            1.1383302            3.1906418
1           -0.0000000            2.2766604            2.3845090
1            1.9716457            1.1383302            5.5751508
