4
         -20.5002110
         -95.2553176          -95.2553176          -61.4764172            0.0000000            0.0000000            0.0000000
           3.9812077            0.0000000            0.0000000
          -1.9906038            3.4478270            0.0000000
           0.0000000            0.0000000            6.4125645
0           -0.0000000            2.2985513            0.0000000
0            1.9906039            1.1492757            3.2062822
1           -0.0000000            2.2985513            2.3961978
1            1.9906039            1.1492757            5.6024800
