4
         -20.1001125
        -126.4199260         -126.4199260          -84.3949995            0.0000000           -0.0000000            0.0000000
           4.0949565            0.0000000            0.0000000
          -2.0474782            3.5463363            0.0000000
           0.0000000            0.0000000            6.5064069
0           -0.0000000            2.3642242            0.0000000
0            2.0474783            1.1821121            3.2532034
1           -0.0000000            2.3642242            2.4312641
1            2.0474783            1.1821121            5.6844675
