4
         -18.6492235
         503.1856327          503.1856327          279.4357964            0.0000000            0.0000000            0.0000000
           3.4124637            0.0000000            0.0000000
          -1.7062319            2.9552803            0.0000000
           0.0000000            0.0000000            5.9433524
0           -0.0000000            1.9701869            0.0000000
0            1.7062319            0.9850934            2.9716762
1           -0.0000000            1.9701869            2.2208662
1            1.7062319            0.9850934            5.1925425
