4
         -20.7500281
          28.0281273           28.0281273           16.9314229            0.0000000           -0.0000000            0.0000000
           3.7537101            0.0000000            0.0000000
          -1.8768551            3.2508083            0.0000000
           0.0000000            0.0000000            6.2248797
0           -0.0000000            2.1672056            0.0000000
0            1.8768551            1.0836028            3.1124398
1           -0.0000000            2.1672056            2.3260652
1            1.8768551            1.0836028            5.4385050
