4
         -20.0763640
         231.6355625          231.6355625          133.5871213            0.0000000            0.0000000           -0.0000000
           3.5641288            0.0000000            0.0000000
          -1.7820644            3.0866261            0.0000000
           0.0000000            0.0000000            6.0684756
0           -0.0000000            2.0577507            0.0000000
0            1.7820644            1.0288753            3.0342378
1           -0.0000000            2.0577507            2.2676213
1            1.7820644            1.0288753            5.3018591
