4
         -20.7359843
         -46.0914248          -46.0914248          -28.7928175            0.0000000           -0.0000000           -0.0000000
           3.8674589            0.0000000            0.0000000
          -1.9337294            3.3493177            0.0000000
           0.0000000            0.0000000            6.3187221
0           -0.0000000            2.2328784            0.0000000
0            1.9337295            1.1164392            3.1593610
1           -0.0000000            2.2328784            2.3611315
1            1.9337295            1.1164392            5.5204925
