4
         -19.9387278
        -133.4845379         -133.4845379          -90.1671241            0.0000000           -0.0000000            0.0000000
           4.1328727            0.0000000            0.0000000
          -2.0664364            3.5791728            0.0000000
           0.0000000            0.0000000            6.5376877
0           -0.0000000            2.3861152            0.0000000
0            2.0664364            1.1930576            3.2688438
1           -0.0000000            2.3861152            2.4429529
1            2.0664364            1.1930576            5.7117967
