4
         -19.8065916
         288.6067401          288.6067401          164.8277365            0.0000000            0.0000000            0.0000000
           3.5262125            0.0000000            0.0000000
          -1.7631063            3.0537896            0.0000000
           0.0000000            0.0000000            6.0371948
0           -0.0000000            2.0358598            0.0000000
0            1.7631063            1.0179299            3.0185974
1           -0.0000000            2.0358598            2.2559325
1            1.7631063            1.0179299            5.2745300
