4
         -17.9545368
         -17.2547426          -17.2547426          -17.3620870            0.0000000            0.0000000            0.0000000
           4.2826870            0.0000000            0.0000000
          -2.1413435            3.7089157            0.0000000
           0.0000000            0.0000000            7.0424304
0           -0.0000000            2.4726105            0.0000000
0            2.1413435            1.2363052            3.5212152
1           -0.0000000            2.4726105            2.6354332
1            2.1413435            1.2363052            6.1566484
