4
         -17.7474831
         -55.2248575          -55.2248575          -55.4624692            0.0000000           -0.0000000            0.0000000
           4.4098955            0.0000000            0.0000000
          -2.2049477            3.8190815            0.0000000
           0.0000000            0.0000000            7.2516115
0           -0.0000000            2.5460544            0.0000000
0            2.2049478            1.2730272            3.6258058
1           -0.0000000            2.5460544            2.7137134
1            2.2049478            1.2730272            6.3395191
