4
         -17.5526622
         101.3029886          101.3029886          101.9539640            0.0000000            0.0000000            0.0000000
           4.0706728            0.0000000            0.0000000
          -2.0353364            3.5253060            0.0000000
           0.0000000            0.0000000            6.6937953
0           -0.0000000            2.3502040            0.0000000
0            2.0353364            1.1751020            3.3468976
1           -0.0000000            2.3502040            2.5049662
1            2.0353364            1.1751020            5.8518638
