4
         -15.6587366
         338.2637796          338.2637796          340.7811709            0.0000000            0.0000000            0.0000000
           3.8586585            0.0000000            0.0000000
          -1.9293293            3.3416963            0.0000000
           0.0000000            0.0000000            6.3451601
0           -0.0000000            2.2277976            0.0000000
0            1.9293293            1.1138988            3.1725800
1           -0.0000000            2.2277976            2.3744992
1            1.9293293            1.1138988            5.5470792
