4
         -17.3225623
         -77.7156100          -77.7156100          -77.7489792           -0.0000000            0.0000000            0.0000000
           4.5371040            0.0000000            0.0000000
          -2.2685520            3.9292473            0.0000000
           0.0000000            0.0000000            7.4607926
0           -0.0000000            2.6194982            0.0000000
0            2.2685520            1.3097491            3.7303963
1           -0.0000000            2.6194982            2.7919936
1            2.2685520            1.3097491            6.5223899
