4
         -16.6481109
         224.1467695          224.1467695          225.6196820            0.0000000            0.0000000           -0.0000000
           3.9434642            0.0000000            0.0000000
          -1.9717321            3.4151402            0.0000000
           0.0000000            0.0000000            6.4846142
0           -0.0000000            2.2767601            0.0000000
0            1.9717321            1.1383801            3.2423071
1           -0.0000000            2.2767601            2.4266860
1            1.9717321            1.1383801            5.6689931
