4
         -17.1450719
         -82.6786009          -82.6786009          -82.7016429            0.0000000            0.0000000            0.0000000
           4.5795068            0.0000000            0.0000000
          -2.2897534            3.9659693            0.0000000
           0.0000000            0.0000000            7.5305197
0           -0.0000000            2.6439795            0.0000000
0            2.2897534            1.3219897            3.7652598
1           -0.0000000            2.6439795            2.8180870
1            2.2897534            1.3219897            6.5833468
