4
         -16.9531363
         -86.6482414          -86.6482414          -86.7138750            0.0000000            0.0000000            0.0000000
           4.6219097            0.0000000            0.0000000
          -2.3109548            4.0026912            0.0000000
           0.0000000            0.0000000            7.6002467
0           -0.0000000            2.6684608            0.0000000
0            2.3109549            1.3342304            3.8001233
1           -0.0000000            2.6684608            2.8441804
1            2.3109549            1.3342304            6.6443037
