4
         -17.8446537
         -44.5561556          -44.5561556          -44.6860835            0.0000000            0.0000000            0.0000000
           4.3674926            0.0000000            0.0000000
          -2.1837463            3.7823596            0.0000000
           0.0000000            0.0000000            7.1818845
0           -0.0000000            2.5215731            0.0000000
0            2.1837463            1.2607865            3.5909422
1           -0.0000000            2.5215731            2.6876200
1            2.1837463            1.2607865            6.2785622
