4
         -16.1974033
         277.4339106          277.4339106          279.4776514            0.0000000            0.0000000            0.0000000
           3.9010614            0.0000000            0.0000000
          -1.9505307            3.3784183            0.0000000
           0.0000000            0.0000000            6.4148871
0           -0.0000000            2.2522789            0.0000000
0            1.9505307            1.1261394            3.2074436
1           -0.0000000            2.2522789            2.4005926
1            1.9505307            1.1261394            5.6080362
