4
         -17.9148058
         -31.9897838          -31.9897838          -32.1122289            0.0000000           -0.0000000            0.0000000
           4.3250898            0.0000000            0.0000000
          -2.1625449            3.7456376            0.0000000
           0.0000000            0.0000000            7.1121575
0           -0.0000000            2.4970918            0.0000000
0            2.1625449            1.2485459            3.5560787
1           -0.0000000            2.4970918            2.6615266
1            2.1625449            1.2485459            6.2176053
