4
         -15.0226965
         407.4910562          407.4910562          410.6312319            0.0000000            0.0000000           -0.0000000
           3.8162557            0.0000000            0.0000000
          -1.9081279            3.3049744            0.0000000
           0.0000000            0.0000000            6.2754331
0           -0.0000000            2.2033163            0.0000000
0            1.9081279            1.1016581            3.1377165
1           -0.0000000            2.2033163            2.3484058
1            1.9081279            1.1016581            5.4861223
