4
         -16.7488791
         -89.6418230          -89.6418230          -89.7673585            0.0000000            0.0000000            0.0000000
           4.6643125            0.0000000            0.0000000
          -2.3321563            4.0394131            0.0000000
           0.0000000            0.0000000            7.6699737
0           -0.0000000            2.6929421            0.0000000
0            2.3321563            1.3464710            3.8349869
1           -0.0000000            2.6929421            2.8702738
1            2.3321563            1.3464710            6.7052606
