4
         -17.7285141
          70.3630918           70.3630918           70.7749517            0.0000000           -0.0000000            0.0000000
           4.1130756            0.0000000            0.0000000
          -2.0565378            3.5620280            0.0000000
           0.0000000            0.0000000            6.7635223
0           -0.0000000            2.3746853            0.0000000
0            2.0565378            1.1873426            3.3817611
1           -0.0000000            2.3746853            2.5310596
1            2.0565378            1.1873426            5.9128207
