4
         -17.4836742
         -71.6237888          -71.6237888          -71.7153193            0.0000000           -0.0000000           -0.0000000
           4.4947012            0.0000000            0.0000000
          -2.2473506            3.8925254            0.0000000
           0.0000000            0.0000000            7.3910656
0           -0.0000000            2.5950169            0.0000000
0            2.2473506            1.2975085            3.6955328
1           -0.0000000            2.5950169            2.7659002
1            2.2473506            1.2975085            6.4614330
