4
         -17.9273313
          20.1762702           20.1762702           20.3232541            0.0000000           -0.0000000            0.0000000
           4.1978813            0.0000000            0.0000000
          -2.0989406            3.6354718            0.0000000
           0.0000000            0.0000000            6.9029764
0           -0.0000000            2.4236479            0.0000000
0            2.0989407            1.2118239            3.4514882
1           -0.0000000            2.4236479            2.5832464
1            2.0989407            1.2118239            6.0347346
