4
         -17.0191760
         177.5615609          177.5615609          178.6697579            0.0000000           -0.0000000            0.0000000
           3.9858671            0.0000000            0.0000000
          -1.9929335            3.4518621            0.0000000
           0.0000000            0.0000000            6.5543412
0           -0.0000000            2.3012414            0.0000000
0            1.9929336            1.1506207            3.2771706
1           -0.0000000            2.3012414            2.4527794
1            1.9929336            1.1506207            5.7299500
