4
         -17.3183074
         136.8123329          136.8123329          137.6605799            0.0000000           -0.0000000            0.0000000
           4.0282699            0.0000000            0.0000000
          -2.0141350            3.4885841            0.0000000
           0.0000000            0.0000000            6.6240682
0           -0.0000000            2.3257227            0.0000000
0            2.0141350            1.1628613            3.3120341
1           -0.0000000            2.3257227            2.4788728
1            2.0141350            1.1628613            5.7909069
