192
          16.9611365            0.0000000            0.0000000
          -8.4805682           14.6887751            0.0000000
           0.0000000            0.0000000           20.9181102
0            0.0006319            2.4589648            0.0079782           -0.0439093           -0.1080782           -0.2056442
0           -0.0348254            2.4457514            6.9891527            0.4256203           -0.0837377           -0.2062336
0            0.0080028            2.4577626           13.9314562           -0.0134857           -0.1358471            0.0515851
0           -2.1184760            6.1209733           20.8768994            0.1056342            0.0222157            0.1133684
0           -2.1411334            6.1126293            7.0002372            0.3732206           -0.0093389           -0.1041707
0           -2.1354200            6.1218120           13.9795958           -0.1625913           -0.0517433           -0.4107231
0           -4.2393738            9.7953189            0.0000157           -0.0192071           -0.0280021           -0.1250203
0           -4.2388698            9.7777998            7.0039041            0.0880215            0.1274886           -0.0387619
0           -4.2378777            9.8066575           13.9735421           -0.0345261            0.0115189           -0.6302336
0           -6.3441237           13.4488088           20.9056890            0.0453950            0.0236217            0.0232357
0           -6.3612811           13.4636817            6.9721770           -0.0708212           -0.0980016            0.1649489
0           -6.3672617           13.4726335           13.9665521           -0.1815266            0.0141876           -0.2167295
0            4.2306167            2.4452872           20.8798169            0.0986554            0.0599441            0.3897213
0            4.2368880            2.4457936            6.9717633           -0.0466199           -0.0494448           -0.0491297
0            4.2401136            2.4478211           13.9521385           -0.0837541           -0.0705292           -0.0860355
0            2.1304034            6.1277842            0.0157499           -0.1648876           -0.0384236           -0.2660336
0            2.0992105            6.1207717            6.9673048            0.3115351           -0.1276074            0.0237771
0            2.1219276            6.1188325           13.9413222            0.0977992            0.0882275           -0.1041377
0           -0.0181192            9.7878020            0.0010712            0.0256025            0.2096137           -0.0455321
0            0.0045616            9.7859215            6.9611835           -0.1483470           -0.0966089           -0.1549487
0            0.0176656            9.8004261           13.9154456           -0.2164996           -0.0832931            0.3042750
0           -2.1174462           13.5075891            0.0178358           -0.1140694           -0.4146022           -0.0010691
0           -2.1189382           13.4642082            6.9512215            0.0070095            0.0225937            0.2115658
0           -2.0951736           13.4604944           13.9842750           -0.2054685            0.1085862           -0.2839904
0            8.4806477            2.4477685            0.0032180            0.0114799           -0.0444624            0.1134827
0            8.4669626            2.4459482            6.9687429            0.0466845            0.1053211           -0.0173923
0            8.4950960            2.4579964           13.9497210           -0.0905925           -0.1376046           -0.0217044
0            6.3615657            6.1285387           20.9061226            0.1622917           -0.0717062            0.3028868
0            6.3697665            6.1116494            6.9692546           -0.0125276            0.0854813           -0.1833342
0            6.3492016            6.1343049           13.9276478            0.1755294           -0.0712842            0.0764749
0            4.2407018            9.7921325            0.0007666           -0.0620172           -0.1262454           -0.0139113
0            4.2362245            9.7967135            6.9564361            0.0603948           -0.0370766            0.2429932
0            4.2571902            9.7753991           13.9227161           -0.2123473            0.1373253            0.1913067
0            2.1310365           13.4643051            0.0199858           -0.0427996           -0.1227829           -0.2740279
0            2.0845406           13.4878570            6.9632726            0.1887978           -0.3865407            0.1463018
0            2.0955145           13.5008298           13.9300946            0.2541588           -0.4229668            0.2980479
0           12.6862637            2.4524473            0.0053523            0.2346256           -0.0662961            0.0015741
0           12.7169331            2.4496704            6.9688573           -0.0625269            0.0166705           -0.1671697
0           12.7171665            2.4401908           13.9108888           -0.1036327           -0.0619225            0.1196956
0           10.6012873            6.1192570           20.9167524           -0.1038282           -0.0372360           -0.0577231
0           10.6141453            6.0887010            6.9412954            0.0542204            0.3053598            0.2681103
0           10.5736793            6.1271352           13.9513512            0.2712145            0.1883620            0.2033604
0            8.4873639            9.7631405           20.9131720           -0.0493673            0.2123684           -0.1212139
0            8.4830955            9.7888315            6.9997002           -0.0325907            0.0316118            0.0488249
0            8.4811566            9.7876270           13.9747146            0.1254478            0.1618308           -0.5794126
0            6.3640943           13.4654934            0.0060204            0.0229265            0.0095694           -0.2871981
0            6.3528061           13.4564784            7.0102810            0.2685303            0.0686467           -0.3983377
0            6.3682952           13.4632654           13.9399349           -0.0472911            0.0021588           -0.0681926
0            2.0995227            1.2357446            3.4923377            0.1336891           -0.1748007           -0.2468359
0            2.1140762            1.2311854           10.4397054           -0.0404702           -0.0088420            0.0077223
0            2.1188098            1.2296939           17.4762370            0.0005872           -0.0047289           -0.3926303
0            0.0009232            4.8841464            3.5120151           -0.2036769            0.1818224           -0.1183533
0            0.0180069            4.9184495           10.4719992           -0.0483755           -0.0910249            0.0845701
0           -0.0194341            4.8892704           17.3985059            0.2192894           -0.0031537            0.2896702
0           -2.1102278            8.5243251            3.4735122           -0.0323842            0.1762255           -0.0093890
0           -2.1160792            8.5637271           10.4603675            0.1345532            0.0949471           -0.0618276
0           -2.1458624            8.5845743           17.4581345            0.1306510           -0.0496260           -0.4435239
0           -4.2378414           12.2414515            3.5001950           -0.2717263           -0.2490568           -0.1641819
0           -4.2598691           12.2318083           10.4690125            0.2558591            0.2340345            0.1775985
0           -4.2344061           12.2276881           17.4012257           -0.0906592            0.0898862           -0.0216798
0            6.3897201            1.2236170            3.4589296           -0.2877865            0.1283442            0.1149100
0            6.3618393            1.2375421           10.4298340           -0.0066169           -0.2142626            0.3819541
0            6.3647611            1.2059446           17.4132883            0.0140576            0.1708392            0.1209838
0            4.2382735            4.8980148            3.4828846            0.0112481            0.0728902           -0.0768259
0            4.2485941            4.8868632           10.4378468            0.0253575            0.1573607            0.1521210
0            4.2484167            4.8902195           17.4169718           -0.1608578            0.0752218            0.2394350
0            2.1312537            8.5917573            3.4728177           -0.0903563           -0.3581991            0.1737479
0            2.1439312            8.5597434           10.4459405           -0.2680077            0.1567269            0.1641523
0            2.1143090            8.5734035           17.4737553            0.0336540           -0.1547077           -0.4046408
0           -0.0031431           12.2062349            3.5133575           -0.0207279            0.3267480           -0.4241517
0           -0.0092993           12.2323659           10.4561575            0.1374054            0.1051902            0.2571955
0           -0.0026670           12.2433564           17.4411071           -0.0288381           -0.0876627           -0.2749077
0           10.6295433            1.1928512            3.5072692           -0.2762304            0.3247347           -0.2536630
0           10.6113070            1.2294794           10.4334848           -0.0410759           -0.1075883            0.0415849
0           10.6180253            1.1992273           17.4044481           -0.0918419            0.1958308            0.1638811
0            8.4913022            4.8897321            3.4694639            0.0102881            0.2483837            0.3165936
0            8.4911930            4.8894135           10.4623434            0.0585155            0.1801807           -0.0882419
0            8.4733042            4.9267472           17.4237024            0.0179220           -0.2749455            0.0025435
0            6.3571339            8.5721476            3.4913999            0.1714070            0.2174019            0.0928123
0            6.3578983            8.5728706           10.4402426           -0.0463573           -0.1494603            0.1764096
0            6.3604295            8.5678663           17.4201202           -0.0203247            0.0732247            0.0577007
0            4.2792774           12.2628550            3.4974093           -0.2958141           -0.1792258            0.0883257
0            4.2160355           12.2194157           10.4551907            0.2050628            0.2024251            0.1362094
0            4.2323173           12.2462856           17.4293813            0.0307727           -0.2096269            0.0614049
0           14.8418544            1.2218311            3.4677587            0.0956444            0.0014282            0.0964216
0           14.8424153            1.2257040           10.4578973            0.1520282           -0.1151324           -0.1491052
0           14.8152882            1.2302047           17.4176190            0.0727555           -0.1952720           -0.0207366
0           12.7452428            4.9026892            3.4774151           -0.2182818           -0.0195198           -0.0223405
0           12.7025816            4.8936490           10.4417284            0.2090293           -0.0702256            0.2250333
0           12.7360333            4.9028743           17.4481595           -0.0022386           -0.0192681            0.0680550
0           10.5816188            8.5606858            3.4795025            0.2300581            0.1091803            0.1913635
0           10.6038686            8.5668907           10.4623409           -0.0359033            0.0978206           -0.0898448
0           10.6012475            8.6023113           17.4147357           -0.1264578           -0.3763035            0.1235127
0            8.4736171           12.2345775            3.4759237           -0.0398781            0.0232707           -0.0515651
0            8.4795990           12.2390694           10.4878399            0.0024669            0.0547714           -0.4583539
0            8.4901545           12.2423781           17.4563801           -0.0633386           -0.0768347           -0.1902806
1            0.0021097            2.4668401            2.5883674           -0.0887480           -0.1433289            0.2006499
1            0.0020235            2.4597486            9.5548706           -0.0555919            0.0707550            0.3735498
1           -0.0003878            2.4478437           16.5562474           -0.0277553           -0.1873768           -0.0838851
1           -2.1423788            6.1173410            2.5672544            0.4007393           -0.1726983            0.0672165
1           -2.1193230            6.1206868            9.5834590            0.0008641           -0.0688853            0.1626622
1           -2.1113743            6.1141120           16.5431169           -0.1966305            0.2737101            0.3203697
1           -4.2169338            9.7617602            2.5803144           -0.1401091            0.2078129            0.3464064
1           -4.2373607            9.8067876            9.6278721            0.0059033           -0.1632919           -0.2629204
1           -4.2664967            9.7940061           16.5141401            0.2546174           -0.0394775            0.4594289
1           -6.3845498           13.4464381            2.5984615            0.2294487            0.2101120            0.0332088
1           -6.3576777           13.4648965            9.6182910           -0.1145472           -0.0120996           -0.3771876
1           -6.3633571           13.4698789           16.5470740           -0.0000070            0.0656502            0.2146510
1            4.2394171            2.4492437            2.6184173            0.0052604           -0.0875651           -0.2293710
1            4.2409690            2.4471158            9.6018728           -0.0515791           -0.0293073           -0.2975597
1            4.2428067            2.4449855           16.5542790           -0.0595512           -0.0857272            0.0879096
1            2.0949297            6.1053086            2.5797008            0.1541642            0.2180591            0.4610418
1            2.1337276            6.1337149            9.5730819           -0.0254894           -0.1544299            0.0108687
1            2.1087365            6.1061284           16.5193814            0.1005159            0.1754898            0.4047033
1            0.0028753            9.7886170            2.6113152           -0.1006910           -0.0913774           -0.0657433
1            0.0081079            9.8198455            9.5515317            0.0014443           -0.3479203            0.2381044
1            0.0006637            9.7949931           16.5554101           -0.0955088           -0.0531346           -0.0849949
1           -2.1502473           13.4739756            2.6426158            0.3821880           -0.1802507           -0.2371295
1           -2.1023157           13.4577317            9.6016019           -0.2991314            0.0540947           -0.2655374
1           -2.1187491           13.4647478           16.5542318            0.0323954           -0.1128443            0.1616086
1            8.4666471            2.4819733            2.6327013            0.4532403           -0.4231329           -0.2379459
1            8.4783494            2.4359480            9.5818387            0.1160366            0.1554296           -0.0849764
1            8.4842477            2.4488055           16.5561738            0.0526196            0.0528766            0.0677474
1            6.3852648            6.1394228            2.6478495           -0.2011072           -0.1408602           -0.3766883
1            6.3576262            6.1248449            9.5365148            0.1346658           -0.0712720            0.4612538
1            6.3586525            6.1241682           16.5578711           -0.0386804            0.0294642           -0.1846448
1            4.2301765            9.7936808            2.6066687            0.2132108            0.1857151            0.0346411
1            4.2408327            9.7898801            9.5949252            0.0371912           -0.0015396           -0.2849571
1            4.2384109            9.7923149           16.5519289           -0.0769712           -0.0403176           -0.0331375
1            2.1273846           13.4723303            2.6095769           -0.0912075           -0.3218251            0.1469907
1            2.1145121           13.4610751            9.5821685           -0.0527723            0.0191381           -0.0878423
1            2.1211827           13.4489245           16.5748907           -0.0808302            0.0391530           -0.3265476
1           12.7218384            2.4510461            2.6135413           -0.0407563           -0.0000154            0.0229101
1           12.7361156            2.4346793            9.5733430           -0.0840154            0.1547824           -0.0255300
1           12.7082915            2.4751871           16.5375822            0.0471049           -0.1409684           -0.0770687
1           10.6005583            6.1201052            2.6040234            0.0881176           -0.0739613            0.0434220
1           10.6400535            6.1470109            9.5758099           -0.3993858           -0.2112466           -0.1966275
1           10.6089516            6.0969358           16.5794711            0.0370852            0.3728218           -0.1528330
1            8.5064296            9.8105744            2.5757996           -0.3197727           -0.1802044            0.2545480
1            8.4701836            9.7951051            9.6243989            0.1686280            0.0302308           -0.2561772
1            8.4812346            9.7867294           16.5144742           -0.0626899            0.1522092            0.5604875
1            6.3562164           13.4567335            2.5802721            0.1920753            0.1421280            0.2317451
1            6.3717749           13.4543812            9.5706979           -0.1574785            0.0062680            0.3766797
1            6.3459153           13.4203778           16.5428724            0.1998826            0.3715247            0.0879863
1            2.1033021            1.1997470            6.0718404           -0.0212767            0.2789069            0.3380212
1            2.1189540            1.2144695           13.0337155            0.0135896            0.1252157            0.2259761
1            2.1254841            1.2233659           20.0387618           -0.1712995           -0.0894877            0.2584256
1            0.0151469            4.8748374            6.1167631           -0.3094373            0.1555926           -0.0733291
1            0.0011204            4.9140285           13.1068622           -0.1336679           -0.0452061           -0.3045463
1            0.0019163            4.8919103           20.0466996            0.1189256            0.0960619           -0.2809663
1           -2.1346795            8.5276796            6.0738069            0.1246865            0.2684498            0.1717479
1           -2.1193429            8.5666019           13.0600340           -0.0193484            0.0327493            0.1504673
1           -2.1231090            8.5674553           20.0206540           -0.0839360            0.0192790            0.2661663
1           -4.2445164           12.2432203            6.0928613            0.0344049           -0.1833471            0.1594520
1           -4.2520379           12.2772802           13.0954624            0.1883270           -0.2073286           -0.0804688
1           -4.2364957           12.2214475           19.9970375            0.1771797            0.1842076            0.2288383
1            6.3694856            1.2249632            6.0675426           -0.1287108           -0.0032618            0.1179003
1            6.3580805            1.2240634           13.0845095            0.1187568           -0.0002167           -0.2127248
1            6.3604264            1.2240600           20.0439555            0.0183666            0.1741212           -0.1896611
1            4.2616245            4.9043104            6.0903187           -0.2584636           -0.0587183            0.0613906
1            4.2430787            4.8930755           13.0683544           -0.0351120            0.0106187           -0.1553375
1            4.2416443            4.9070901           20.0754243           -0.0155071           -0.0390653           -0.4065789
1            2.1340376            8.5535186            6.1146274           -0.1276963            0.1162369           -0.3062346
1            2.1090843            8.5729458           13.0768551            0.2121466           -0.1125909           -0.2327047
1            2.0988256            8.5704703           20.0458800            0.1457992            0.0005644            0.2221315
1           -0.0012970           12.2291826            6.0692041           -0.0387263           -0.0172417            0.3452000
1            0.0013398           12.2438709           13.1008449           -0.0182625           -0.0087030           -0.3658370
1           -0.0174020           12.2471295           20.0001599            0.1120421            0.0273590            0.6019403
1           10.5768604            1.1927285            6.0839537            0.1691488            0.4601927            0.1801041
1           10.5893772            1.1909715           13.0409565            0.0483008            0.4794147           -0.0137080
1           10.6011098            1.2243977           20.0389638           -0.1062505           -0.0991829           -0.1204590
1            8.4960254            4.9178139            6.1101609           -0.1045651           -0.3024832           -0.2632838
1            8.5168424            4.8998640           13.0825432           -0.4952042           -0.0227460           -0.1734308
1            8.4801770            4.8752218           20.0230173            0.0008523            0.1893410            0.1313925
1            6.3586693            8.5662285            6.1261564            0.0664950            0.0347167           -0.2158678
1            6.3666329            8.5880325           13.0692363            0.1015665           -0.1833029           -0.1900262
1            6.3605170            8.5685437           20.0408693           -0.0245715            0.0195984           -0.1091625
1            4.2450664           12.2431039            6.1249674           -0.1876888            0.1382440           -0.1877507
1            4.2362608           12.2391627           13.0831350           -0.1045418            0.0641947           -0.1055522
1            4.2624125           12.2154380           20.0384062           -0.1556603            0.2364996            0.0173544
1           14.8588725            1.2384065            6.0997356           -0.3281274           -0.2997446           -0.1734288
1           14.8341886            1.2251681           13.0417447            0.1342561           -0.0016734            0.2240016
1           14.8326103            1.2287256           20.0427285           -0.0342967            0.0339867           -0.0091174
1           12.7439407            4.9267770            6.0801686           -0.1231776           -0.4286357           -0.0181641
1           12.6748494            4.8848510           13.0741782            0.3000568            0.1652367           -0.1245880
1           12.7305205            4.9001238           20.0680419           -0.1363642           -0.0577046           -0.2102951
1           10.6018046            8.5693982            6.1286415           -0.0241295           -0.0922767           -0.2664569
1           10.6024015            8.5688450           13.0406515            0.0194862            0.0697911            0.3660765
1           10.5988151            8.5661749           20.0441838            0.1172766           -0.0240730           -0.2045626
1            8.4900554           12.2195260            6.0651163           -0.1630056            0.1353989            0.2915511
1            8.4735973           12.2482073           13.0205875            0.1107412           -0.1239596            0.7284841
1            8.4932666           12.2380333           20.0462026           -0.1034056           -0.1081373            0.0857764
