192
          16.9611365            0.0000000            0.0000000
          -8.4805682           14.6887751            0.0000000
           0.0000000            0.0000000           20.9181102
0           -0.0238043            2.4736068           20.9067818            0.0268503           -0.2601389            0.1479820
0            0.0185819            2.4600843            6.9764232           -0.2433060           -0.0372019            0.1148048
0            0.0028049            2.4454184           13.9406980           -0.0251517            0.1159714           -0.0555115
0           -2.1269714            6.1429992           20.9111244            0.0020486           -0.2081169           -0.0183058
0           -2.1190311            6.1212571            6.9956725           -0.1633210            0.1234233            0.0559275
0           -2.1252580            6.1240055           13.9453211            0.0524240           -0.0969138            0.1178766
0           -4.2589787            9.8187455            0.0232371            0.2410043           -0.1573717           -0.1794888
0           -4.2389149            9.7939260            6.9759398           -0.1512383           -0.0124444           -0.1208742
0           -4.2289614            9.8220372           13.9423120            0.0252921           -0.3012011            0.1121731
0           -6.3606285           13.4648035           20.9172291           -0.1417609           -0.0150145           -0.0263344
0           -6.3721400           13.4599091            6.9565851            0.0093474           -0.0771542            0.1358739
0           -6.3675239           13.4543369           13.9434770            0.0228782            0.0468386           -0.0628676
0            4.2197917            2.4390923           20.8845964            0.1721575            0.0507657            0.2652910
0            4.2375718            2.4471524            6.9594105            0.0387954           -0.0601238           -0.0722612
0            4.2491557            2.4503681           13.9547510           -0.0059058            0.0624489           -0.1252032
0            2.1176827            6.1219747           20.9127531            0.0125175           -0.1327636            0.2571617
0            2.1051679            6.1344396            6.9983307            0.0497893           -0.0716955           -0.3590376
0            2.1187898            6.1290769           13.9296524           -0.0434341           -0.2108523            0.1717319
0            0.0039171            9.7901777           20.8925627           -0.0264561            0.0580540            0.2405190
0           -0.0049978            9.8061181            6.9651715            0.1585818           -0.2182724            0.2473266
0           -0.0017362            9.8057096           13.9380259            0.0901707           -0.1087799            0.2686294
0           -2.1206149           13.4639992           20.9088912            0.1649220           -0.1398151            0.2550310
0           -2.1101369           13.4746805            7.0013005           -0.0383192           -0.0984631           -0.3586936
0           -2.1564677           13.4569400           13.9401665            0.2803305            0.1989497           -0.0554807
0            8.4550581            2.4628600           20.8918935            0.2013042           -0.3025144            0.2334172
0            8.4770519            2.4382149            7.0087120            0.0097687            0.1768347           -0.2702060
0            8.4857996            2.4545025           13.9418690           -0.0307528            0.1326647            0.1829343
0            6.3591267            6.1212472           20.9073901           -0.0611024            0.0236904            0.1706504
0            6.3470722            6.0893181            6.9743985            0.0512282            0.3149942            0.1678062
0            6.3329620            6.1351949           13.9401198            0.3707737           -0.1179605            0.1006584
0            4.2484642            9.7839814            0.0254500           -0.0035085            0.0906726           -0.1821831
0            4.2507916            9.8045263            6.9696524           -0.1315352           -0.1419260           -0.1280678
0            4.2390158            9.8122930           13.9208584           -0.0572749           -0.2143231            0.1488470
0            2.1272233           13.4680505           20.9117772           -0.0092273           -0.0319662            0.0141059
0            2.1357093           13.4229995            6.9511089           -0.0608754            0.3412602           -0.0316566
0            2.1451677           13.4403620           13.9337726           -0.2702029            0.1478710            0.1280875
0           12.7234693            2.4474963           20.9135726           -0.0086674            0.1242639           -0.2593027
0           12.7223826            2.4480145            6.9485002            0.0708008           -0.0958926            0.2401742
0           12.6928152            2.4465246           13.9333377            0.0398487           -0.0344203            0.0711764
0           10.5802536            6.1242047           20.8942359            0.0352833           -0.1274344           -0.0303187
0           10.6006464            6.1204503            6.9715572           -0.0373659           -0.0982891            0.2729189
0           10.6013352            6.1202995           13.9446049           -0.0265751           -0.0267833            0.1386605
0            8.5045398            9.7883823           20.8966440           -0.2296877           -0.0796433            0.1654607
0            8.4545045            9.7707301            6.9570739            0.0922601            0.1813162            0.0277060
0            8.4467119            9.8024467           13.9361094            0.3758536           -0.1734424            0.2151711
0            6.3439984           13.4863876            0.0105187            0.2700780           -0.5698421           -0.1463059
0            6.3583434           13.4760971            6.9834197           -0.0454701           -0.0566747           -0.1033190
0            6.3682945           13.4822638           13.9279076           -0.0008952           -0.1549053            0.1008948
0            2.1111088            1.1904322            3.4572415            0.0764364            0.2650189            0.2422131
0            2.1471725            1.2291156           10.4704251           -0.0864658            0.1848552           -0.1077317
0            2.1437181            1.2541501           17.4551375           -0.2707896           -0.2181867           -0.2325975
0           -0.0136226            4.8940121            3.5053705           -0.1219212           -0.0929124           -0.1326140
0            0.0053644            4.9032455           10.4620075            0.0741669           -0.2184938           -0.2127172
0           -0.0241298            4.8947392           17.4364466            0.1881749            0.0444400           -0.1746583
0           -2.1324910            8.5550217            3.4580278            0.1372513            0.1985354            0.4138343
0           -2.1211794            8.5693835           10.4603549            0.0372796           -0.1496449            0.0378543
0           -2.1226783            8.5250072           17.4418642            0.0076929            0.3998675            0.0158829
0           -4.2267367           12.2297878            3.4943845           -0.0273923            0.1013129           -0.1982361
0           -4.2392676           12.2466627           10.4593894            0.0350543           -0.0754445           -0.2355247
0           -4.2413226           12.2398202           17.4330840            0.0752104            0.0802459            0.1248302
0            6.3362187            1.2327076            3.4833358            0.2262273           -0.0245560            0.0104171
0            6.3761126            1.2018187           10.4309246           -0.1056221            0.3233564            0.3131297
0            6.3713156            1.2082546           17.3984137           -0.3198368           -0.0004386            0.4797208
0            4.2418053            4.8965477            3.5015032           -0.1574633           -0.0813516           -0.1117775
0            4.2172385            4.9101529           10.4198211            0.2307888           -0.1867740            0.3579049
0            4.2501194            4.9020444           17.4399447            0.0329710           -0.0374751           -0.0521600
0            2.1071145            8.5538508            3.4718635            0.0786113            0.1342553           -0.0843799
0            2.1160447            8.5808829           10.4631391            0.0073543           -0.0603632           -0.0442191
0            2.1306949            8.5923365           17.4307179           -0.0177281           -0.2377359            0.2239278
0            0.0041322           12.2494897            3.4633762           -0.0469258           -0.0654179            0.2524169
0           -0.0009796           12.2415116           10.4733796            0.1203871            0.1803470           -0.1495967
0            0.0115384           12.2284418           17.4163328           -0.2137022            0.0508573            0.2688674
0           10.5980362            1.2223646            3.4887103            0.0585508            0.0613776            0.0707171
0           10.5910344            1.2134936           10.4365428            0.2038689            0.0644344            0.2186258
0           10.6103857            1.2366558           17.4156013           -0.1353345           -0.2386621            0.0295557
0            8.4918425            4.8696665            3.4839228           -0.1951594            0.2642997            0.0197623
0            8.4963198            4.8811544           10.4279745           -0.1928296            0.0179426            0.3063770
0            8.4728709            4.8735784           17.4060731            0.0218848            0.0454753            0.2001010
0            6.3591000            8.5685201            3.4703061            0.0201610           -0.0346440            0.0611937
0            6.3428539            8.5523698           10.4809886            0.1372963            0.2850241           -0.2057833
0            6.3581491            8.5628703           17.4214701            0.0013494            0.1321935            0.0558857
0            4.2372662           12.2317140            3.4814396           -0.0781101            0.0165723            0.0005579
0            4.2043096           12.2487966           10.4793597            0.2112265           -0.0201027           -0.2326314
0            4.2398944           12.2405207           17.4241271            0.0133150            0.1052861            0.0401541
0           14.8239499            1.2247587            3.4971403           -0.0437629           -0.0870294           -0.2974643
0           14.8295690            1.2323058           10.4601838           -0.1034384           -0.1748661            0.1513902
0           14.8307504            1.2270668           17.4307002            0.0227822           -0.1371550            0.0880779
0           12.7269929            4.8981799            3.4783355           -0.2401532           -0.0076422            0.1260660
0           12.7288666            4.9068780           10.4629549           -0.0286751           -0.0808473           -0.0225718
0           12.6881287            4.8857210           17.4432983            0.1820835            0.0539281           -0.2255370
0           10.5799028            8.5516325            3.4818412            0.1197991            0.0658465            0.1422369
0           10.6106025            8.5453496           10.4738404           -0.0569361            0.3521386           -0.1503017
0           10.6345326            8.5743849           17.4661149           -0.2964180           -0.0309524           -0.1866096
0            8.4818780           12.2398687            3.4897917           -0.2042695            0.1045789           -0.2285009
0            8.4565880           12.2399155           10.4527855            0.2684478           -0.0354503           -0.0916956
0            8.4785229           12.2409359           17.4275844            0.0954844            0.1198297           -0.0423031
1           -0.0151915            2.4225972            2.6196567            0.0410107            0.2212101           -0.1282261
1           -0.0270753            2.4310406            9.6192162            0.3679513            0.1493135           -0.2764832
1           -0.0201998            2.4403421           16.5431017            0.1984720            0.0712318            0.1250590
1           -2.1420467            6.1366562            2.6000470            0.1950501           -0.2531970           -0.0239714
1           -2.0962639            6.1014088            9.5970451           -0.1785597            0.2260187           -0.0326555
1           -2.1451627            6.1338417           16.5742485            0.0104489           -0.4108610           -0.2589991
1           -4.2396319            9.7910458            2.6116225           -0.1762003           -0.0483608            0.1268070
1           -4.2193316            9.7820951            9.5719569           -0.2234566            0.1095405            0.1409867
1           -4.2389106            9.7840524           16.5798088            0.1984412            0.0898630           -0.2274626
1           -6.3601411           13.4614888            2.6033341            0.0509345           -0.2463153           -0.0006923
1           -6.3482931           13.4908648            9.5953191           -0.1772069           -0.2629589           -0.1709666
1           -6.3588842           13.4671553           16.5405609            0.0049256            0.1458153            0.1782243
1            4.2389204            2.4468039            2.6119865           -0.1988465            0.0661681           -0.1970358
1            4.2654710            2.4541804            9.5553235           -0.0922775           -0.0056639            0.1707201
1            4.2387267            2.4498522           16.5589959            0.1665399            0.0825988            0.0006133
1            2.1020174            6.1133871            2.6447695            0.0835977           -0.1302915           -0.3348907
1            2.1206551            6.1157492            9.5756804           -0.1708734            0.2231608            0.1177945
1            2.1436659            6.1208024           16.5634456           -0.3049499            0.0462165           -0.0779120
1            0.0006427            9.7933929            2.6093585           -0.0932749           -0.0011233           -0.1364774
1           -0.0124338            9.8040680            9.6176270            0.0945133           -0.0686886           -0.3638450
1           -0.0028493            9.7902196           16.6019625           -0.1168343           -0.1401809           -0.4414581
1           -2.1163494           13.4736896            2.6098991           -0.0555992           -0.0270237           -0.0383095
1           -2.1137413           13.4891972            9.5720720           -0.0179793           -0.4015488            0.2079577
1           -2.1017501           13.4729887           16.5430393           -0.1583078           -0.2827447            0.0350972
1            8.4839580            2.4519304            2.6150604           -0.1037840           -0.2094044           -0.2013228
1            8.4915006            2.4384658            9.5940404           -0.0954856            0.0298005           -0.0269158
1            8.4497131            2.4201821           16.5669012            0.3719880            0.1894284           -0.2307060
1            6.3289260            6.1103249            2.6141973            0.3415661            0.0177614           -0.0814135
1            6.3609456            6.1224532            9.6148811            0.0232515           -0.1031177           -0.3105080
1            6.3679892            6.1210604           16.5504209           -0.0431466           -0.0141215           -0.0373163
1            4.2389858            9.7932938            2.6053828           -0.0733294           -0.0772911            0.1744958
1            4.2299051            9.8015908            9.5668232            0.0691606           -0.0210655            0.1696307
1            4.2283690            9.8035084           16.5435029            0.1972352           -0.0428477           -0.0774026
1            2.1201327           13.4660387            2.6080867            0.0587979            0.0245931           -0.0350417
1            2.1334583           13.4820298            9.5436579           -0.2428891           -0.2026249            0.2000302
1            2.0915441           13.4405070           16.5481938            0.3462889            0.2819508           -0.0513515
1           12.7221292            2.4488703            2.5717938           -0.0727638            0.0397880            0.3374238
1           12.7214764            2.4511996            9.5918298           -0.0867884            0.0501115           -0.1869648
1           12.7183058            2.4533677           16.5651847            0.0242821           -0.0050851           -0.2409405
1           10.5775599            6.1245376            2.5706927            0.1778415           -0.1288177            0.2181289
1           10.5882958            6.1234668            9.6240292            0.2309235           -0.1031265           -0.4546749
1           10.6008039            6.1202626           16.5849795           -0.1396935            0.0879922           -0.2709544
1            8.4839135            9.7953704            2.5997810           -0.0542081            0.0185401           -0.0695393
1            8.4838431            9.7894223            9.5536214           -0.0536210           -0.0949377            0.2821117
1            8.4919825            9.8117311           16.5809051            0.0281454           -0.2985130           -0.2510135
1            6.3213033           13.4688086            2.5837399            0.3303936           -0.0382243            0.3112823
1            6.3578450           13.4655437            9.5811716           -0.2126295            0.0243804            0.0944255
1            6.3755326           13.4640794           16.5425804           -0.1768427            0.0383562           -0.0023739
1            2.1142694            1.2196058            6.0991430            0.0461847            0.0153597           -0.2148008
1            2.1194818            1.2235916           13.0692037            0.1075182           -0.0178780            0.0761199
1            2.1120074            1.2244673           20.0402685           -0.2073226           -0.0099279            0.1099396
1           -0.0407680            4.9186632            6.1044127            0.3557238           -0.1570120            0.0418788
1           -0.0122298            4.8982470           13.0245090            0.0989539           -0.0107440            0.4946139
1           -0.0012099            4.8926572           20.0355423           -0.0952858            0.1804136            0.0554915
1           -2.1202166            8.5697720            6.1322712           -0.0362207           -0.0582295           -0.4331943
1           -2.1004650            8.5548112           13.0698750           -0.1898163            0.1751513            0.0314408
1           -2.1053344            8.5622563           20.0354124           -0.3023402            0.2481562            0.1150235
1           -4.2365515           12.2398622            6.0730054            0.0399761            0.0526673            0.3224815
1           -4.2416319           12.2391981           13.0437372           -0.1250517            0.0782674            0.1233970
1           -4.2310272           12.2660468           20.0778887           -0.1077420           -0.1670416           -0.3655384
1            6.3680068            1.2213473            6.0916668           -0.0373413            0.0208396            0.0410244
1            6.3889408            1.2467126           13.0692547           -0.2735654           -0.2533418           -0.1599064
1            6.3526219            1.1881882           20.0680534           -0.0371360            0.3153309           -0.4681140
1            4.2436231            4.8925510            6.0881785           -0.2745551            0.0268402            0.1761942
1            4.2605135            4.9206368           13.0766890           -0.3335656           -0.2825456           -0.3198653
1            4.2424147            4.8963767           20.0390546           -0.0467397           -0.0171719            0.0415534
1            2.1198712            8.5658755            6.0567696            0.0237663            0.0966314            0.3670979
1            2.1211783            8.5567296           13.0677528           -0.0098527            0.2157068            0.0045541
1            2.1221244            8.5618033           20.0798677            0.1149621            0.0776463           -0.3523372
1            0.0141252           12.2283694            6.1155948           -0.2214428            0.1875438           -0.3193525
1           -0.0000924           12.2407755           13.0655422           -0.0807113            0.1369218            0.1107076
1           -0.0003694           12.2411586           20.0478745            0.0402271            0.0318630           -0.1566007
1           10.5993440            1.2293008            6.1151001           -0.0525484           -0.1974791           -0.1239695
1           10.5641781            1.2123363           13.0720490            0.2575942           -0.0972572           -0.1623313
1           10.6099227            1.2195808           20.0244910           -0.1719104            0.1179750            0.0732416
1            8.4737497            4.9127651            6.1002790            0.0895471           -0.2783242            0.0127662
1            8.4802834            4.8961440           13.0603168           -0.0921316            0.1004784           -0.0076697
1            8.4579552            4.8808198           20.0461536            0.0874274            0.2027410           -0.2929609
1            6.3604223            8.5691408            6.0891418           -0.1819227           -0.2506083           -0.0550617
1            6.3575538            8.5630470           13.0752823           -0.1065733            0.1087584           -0.0154957
1            6.3604130            8.5666127           20.0435014            0.0501030            0.0307226           -0.0696367
1            4.2386187           12.2402667            6.0865841            0.2334590           -0.0228142           -0.0380103
1            4.2387775           12.2401237           13.0652753            0.2104686            0.0798554            0.0010449
1            4.2492513           12.2381668           20.0427893           -0.0567627           -0.0933516           -0.0596040
1           14.8377119            1.2147084            6.0606892            0.1296544            0.1456281            0.4094996
1           14.8369082            1.2234633           13.0829850           -0.0769037            0.1416854           -0.1449708
1           14.8336511            1.1772242           20.0540259            0.0595620            0.5579183           -0.2483049
1           12.7261429            4.8957167            6.1284733           -0.0322739            0.0807482           -0.3309654
1           12.7220224            4.8983347           13.0659118           -0.0132058           -0.0282925            0.0743484
1           12.7111342            4.9180238           20.0027636            0.0621677           -0.1694611            0.4627389
1           10.5739558            8.5498198            6.1184299            0.2451112            0.1910077           -0.2343903
1           10.6186724            8.5603659           13.0596399           -0.1784664            0.2214076            0.2647870
1           10.6024270            8.5683589           20.0489945            0.1470460           -0.0091849            0.0478555
1            8.4562404           12.2314203            6.0745136            0.0936232           -0.0098322            0.2296236
1            8.4763025           12.2283089           13.0581947           -0.0210514            0.1305989           -0.0173126
1            8.4973660           12.2045533           20.0168352           -0.2160446            0.4323772            0.2343369
