192
          16.9611365            0.0000000            0.0000000
          -8.4805682           14.6887751            0.0000000
           0.0000000            0.0000000           20.9181102
0            0.0075196            2.4595014           20.9033792           -0.2737994            0.0439322            0.3542517
0           -0.0001538            2.4488612            7.0089799            0.0065643            0.0688766           -0.2551214
0           -0.0244243            2.4436923           13.9353139            0.1661228            0.1215212            0.1629896
0           -2.1238980            6.0884563            0.0323473           -0.0487036            0.3426901           -0.2344153
0           -2.1198383            6.1221493            6.9686686            0.0577355           -0.0567316            0.1883243
0           -2.1270859            6.1349220           13.9313928            0.0080844           -0.3465175            0.3202718
0           -4.2599788            9.8073651           20.9150823            0.2994733           -0.2077994            0.2168970
0           -4.2471139            9.7923875            6.9698765            0.1599816            0.0833050            0.0471033
0           -4.2395507            9.7909346           13.9509976            0.1814096           -0.0334846           -0.0139416
0           -6.3524846           13.4662101           20.9080954           -0.0779530            0.1059349            0.0749446
0           -6.3609901           13.4638957            7.0224219           -0.0142190            0.1399749           -0.5326380
0           -6.3552044           13.5034106           13.9543847           -0.0047892           -0.3864799           -0.0965595
0            4.2299606            2.4584258            0.0131851           -0.0030446           -0.1709466           -0.2842948
0            4.2384839            2.4449313            6.9733838            0.0465545            0.0108827           -0.0712576
0            4.2368749            2.4479747           13.9489956           -0.0787571            0.0032256            0.0381454
0            2.0822387            6.1248943            0.0125601            0.3140461           -0.0020961           -0.3490345
0            2.1270915            6.1232355            6.9486218           -0.0907729           -0.0155621            0.1311478
0            2.1343144            6.1572877           13.9187666           -0.0790334           -0.4099859            0.2848896
0           -0.0011815            9.8247523            0.0024870            0.0437405           -0.3247455            0.0009933
0           -0.0170331            9.8037202            6.9360960            0.0763398           -0.1066789            0.4225711
0            0.0048691            9.7822349           13.9376845           -0.0163545            0.1637880           -0.0520403
0           -2.0859638           13.4666152            0.0089161           -0.2013276            0.0349717           -0.0348268
0           -2.1026409           13.4393811            6.9982734           -0.2074276            0.2303427           -0.1950193
0           -2.1205620           13.4627906           13.9473384            0.1855298            0.1333142            0.0907151
0            8.4777398            2.4458030           20.9175989           -0.1162183            0.0172834           -0.1009730
0            8.4894887            2.4423292            6.9625702           -0.0061674            0.0240805            0.4233367
0            8.4685885            2.4447825           13.9128503            0.3240979            0.1800425            0.3732325
0            6.3578444            6.1421913            0.0147538           -0.0964999           -0.2150123            0.0010510
0            6.3578640            6.1207286            6.9637025           -0.1032381            0.0279984            0.0708861
0            6.3502130            6.1338658           13.9100626           -0.0069809           -0.1209332            0.0589643
0            4.2546105            9.7896547            0.0395616           -0.2829069            0.1326928           -0.1201837
0            4.2330053            9.7917941            6.9929500            0.0697593           -0.0229526           -0.0101895
0            4.2523075            9.7644540           13.9274913           -0.2416338            0.3791944            0.2934838
0            2.1290041           13.4697821            0.0073036           -0.1093587            0.1559443           -0.0649371
0            2.1206019           13.4741288            6.9682250            0.0548865           -0.0616159            0.1941552
0            2.1304443           13.4646549           13.9331949           -0.1835480            0.0373382            0.2111445
0           12.7156595            2.4423076            0.0425725            0.0663471            0.0776576           -0.7792686
0           12.7277163            2.4469782            6.9436723            0.0477881           -0.0451764            0.2634026
0           12.7172359            2.4622920           13.9131902            0.0647885           -0.1525860            0.3995397
0           10.5857952            6.1184136            0.0005847            0.0675520           -0.1553228           -0.1732910
0           10.6384488            6.1416856            6.9506878           -0.3569320           -0.1220076            0.1952272
0           10.6171546            6.1605009           13.9427881           -0.1221270           -0.4179614           -0.0527476
0            8.4713092            9.7807386            0.0120635            0.2351642            0.0478935           -0.3938024
0            8.4937652            9.8144085            7.0135733           -0.1895569           -0.2643594           -0.2491591
0            8.4803510            9.7928832           13.9185670           -0.0501091            0.0404893            0.1592097
0            6.3603695           13.4628843           20.9051209            0.0306928           -0.0683487            0.0346840
0            6.3513237           13.4405306            6.9778322           -0.0863742            0.0810532           -0.1660308
0            6.3492244           13.4634674           13.9574155            0.1179834            0.0701637           -0.1608844
0            2.1114234            1.2246581            3.5149656            0.0819982            0.0829569           -0.4960139
0            2.1187662            1.2289419           10.4488491            0.0239644           -0.0111464            0.0376359
0            2.1400109            1.1923568           17.4369997           -0.2478871            0.2795449            0.0784792
0            0.0006085            4.9059118            3.5000575            0.0450077            0.0574115           -0.0440047
0           -0.0354908            4.9103911           10.4625323            0.4014637           -0.1127493           -0.0016203
0            0.0298286            4.9153593           17.4325190           -0.3628785           -0.2425391           -0.0244591
0           -2.1039131            8.5601281            3.5178226           -0.1345183           -0.0326409           -0.2872684
0           -2.1487286            8.5990570           10.4335503            0.3207125           -0.2367324            0.2492108
0           -2.1350517            8.5639372           17.4682804            0.0654905            0.1733421           -0.3420334
0           -4.2214544           12.2345378            3.5217230           -0.1966486           -0.1032359           -0.4705545
0           -4.2301285           12.2548077           10.4260505           -0.1474802           -0.0940749            0.5218497
0           -4.2511025           12.2522053           17.4286479            0.0851807           -0.1448965            0.2545286
0            6.3688247            1.2254985            3.4867670           -0.1286798           -0.0968591            0.1305813
0            6.3596595            1.2248964           10.4579753           -0.0647523            0.0595951            0.2035290
0            6.3605552            1.2176787           17.3957713            0.0769008            0.0474837            0.3346046
0            4.2418761            4.8979183            3.5173346           -0.2880835           -0.1058711           -0.5947849
0            4.2455316            4.9294723           10.4475907           -0.0708035           -0.2486951           -0.1578526
0            4.2438938            4.9034442           17.4433366           -0.0165506           -0.0197050           -0.0604924
0            2.1068295            8.5542316            3.5285068            0.1435738            0.2424941           -0.3830480
0            2.1203237            8.5683526           10.4710326           -0.0963325           -0.1532655           -0.0538835
0            2.1188121            8.5806608           17.4295549           -0.0085947            0.0170399           -0.0237128
0           -0.0135762           12.2412961            3.4658560            0.1331653            0.0474646            0.3195018
0           -0.0015324           12.2410109           10.4348807           -0.1907822            0.1418988            0.1836645
0           -0.0001094           12.2380822           17.4569919           -0.0357475           -0.1969407           -0.3970910
0           10.5956145            1.2207926            3.5203286           -0.0080556            0.0340031           -0.3644820
0           10.6069124            1.2232249           10.4729953           -0.0315326           -0.0377971           -0.0225705
0           10.6121772            1.2100407           17.4481277           -0.2374514            0.1046317           -0.2333429
0            8.4833645            4.8956750            3.4686887           -0.0567532           -0.1012900            0.2292308
0            8.4662998            4.9113948           10.4977304            0.2204770           -0.0897645           -0.4631396
0            8.4909263            4.9243100           17.4023796            0.0215470           -0.1043976            0.0951407
0            6.3800858            8.5581476            3.4515359           -0.0356980            0.2040156            0.3361880
0            6.3606028            8.5736443           10.4610266           -0.0962258           -0.0118617           -0.0354985
0            6.3725626            8.5690286           17.4729635            0.0192802           -0.0161855           -0.3186418
0            4.2494877           12.2533164            3.5086465            0.0579841           -0.0030829           -0.2578047
0            4.2401079           12.2404959           10.4579391            0.0253307            0.1398021            0.1404468
0            4.2525533           12.2611747           17.4389557           -0.2670149           -0.2228512            0.0227119
0           14.8358288            1.2328793            3.4666044            0.0853394           -0.0468236            0.1934214
0           14.8405328            1.2265026           10.4138726            0.0156502           -0.0615459            0.2669071
0           14.8304136            1.2266345           17.3922088            0.0651000           -0.2774733            0.4456205
0           12.7134423            4.8626495            3.4744561            0.0185723            0.1133439            0.0204119
0           12.7205849            4.8892040           10.4592375           -0.0670437           -0.0683138           -0.1291514
0           12.7019896            4.9146670           17.4029044            0.3585396           -0.3506481            0.2330808
0           10.6009111            8.5706626            3.5233352           -0.0818380           -0.1516109           -0.2872899
0           10.6020976            8.5683532           10.4980814            0.0629933           -0.0638528           -0.3379450
0           10.5945363            8.6078552           17.4421911            0.2504983           -0.3151444            0.1745702
0            8.4844786           12.2296899            3.4748462           -0.1689533            0.0444491            0.0693087
0            8.4841108           12.2237921           10.4207524           -0.0873828            0.1867434            0.3043332
0            8.5107770           12.2317459           17.4569603           -0.2269510           -0.0204212           -0.1903497
1           -0.0100553            2.4788317            2.6354781            0.1473511           -0.1795312           -0.2845616
1           -0.0005528            2.4506285            9.5833575            0.0468984            0.0962228            0.1386524
1           -0.0191233            2.4353209           16.5546784            0.3376689            0.1412602           -0.0095960
1           -2.1203296            6.1108681            2.6318455           -0.0700479            0.0446337            0.0191953
1           -2.1249310            6.0997627            9.6121890           -0.1588513            0.3998040           -0.3796982
1           -2.1267530            6.1432550           16.5941061            0.1218647           -0.2396299           -0.4037977
1           -4.2379718            9.7534310            2.6250417            0.0600091            0.2728509           -0.0368509
1           -4.2406965            9.8100184            9.5867965           -0.2644581           -0.0419970           -0.1238740
1           -4.2391900            9.7941950           16.5548524            0.0333208            0.0698925            0.0573252
1           -6.3727687           13.4659932            2.6050806            0.2321378           -0.0304861            0.1020132
1           -6.3581056           13.4629307            9.5845116           -0.0378031            0.0613519            0.2152831
1           -6.3600140           13.4633843           16.5544133           -0.0250649           -0.0402140           -0.0140435
1            4.2659442            2.4370936            2.5738818           -0.2838487            0.1174847            0.5264832
1            4.2402304            2.4481210            9.5808057            0.0004120            0.1606223            0.0279968
1            4.2402295            2.4481940           16.5796253           -0.0755858            0.0711544           -0.2311136
1            2.0959380            6.1431142            2.5735206            0.2354922           -0.1964591            0.4827843
1            2.1235592            6.1170478            9.5696085           -0.1870589            0.0520220           -0.0295801
1            2.1128108            6.1247271           16.5808097            0.2787422            0.0858820           -0.4259403
1           -0.0175182            9.7990298            2.6165466            0.1938561           -0.1017989           -0.0142422
1            0.0146081            9.8063878            9.5995460           -0.1611259           -0.1950853           -0.3532838
1           -0.0118802            9.7633648           16.5228287           -0.0282190            0.2417615            0.3089380
1           -2.1146686           13.4664244            2.6135955           -0.1097007            0.0179093            0.0141592
1           -2.1585731           13.4816530            9.5807156            0.4290209           -0.0449784            0.0781131
1           -2.1274388           13.4613768           16.5636435            0.0969497           -0.0800181           -0.0551361
1            8.4582301            2.4174918            2.5941266            0.3102105            0.2460691            0.1389724
1            8.4778271            2.4398583            9.6277236            0.0873506            0.1626980           -0.3936172
1            8.4801773            2.4533207           16.5552651            0.1483765            0.0228044           -0.1453611
1            6.3329384            6.1337791            2.6351531            0.2021463           -0.2400455           -0.1935632
1            6.3650089            6.1165987            9.5873836            0.0204363            0.1592625           -0.1595269
1            6.3535603            6.1157329           16.5234478            0.0278781            0.1727222            0.0962675
1            4.2665440            9.8128550            2.6361224           -0.3115299           -0.1793551            0.0691645
1            4.2151942            9.8039739            9.6157971            0.2233525           -0.1029858           -0.2171620
1            4.2455523            9.7921861           16.5611324            0.0831200            0.0497374           -0.0705424
1            2.1338800           13.4577151            2.6235778           -0.1247415            0.0589543           -0.0359275
1            2.1163776           13.4625322            9.6005861            0.0651082            0.0938566           -0.2268478
1            2.1114947           13.4701680           16.5700948            0.0421814           -0.1271250           -0.1723538
1           12.7229538            2.4334422            2.5680038           -0.1881187           -0.0495303            0.6965439
1           12.7197049            2.4396418            9.5900959           -0.0731842            0.0772324           -0.2887774
1           12.7136005            2.4249731           16.5868944           -0.0545955            0.3268251           -0.4915198
1           10.6090913            6.1039966            2.5770162           -0.0555150            0.1769382            0.4013003
1           10.6183884            6.1207018            9.5810818           -0.1935489            0.0444728           -0.0446358
1           10.6469243            6.1305533           16.5488372           -0.4894775            0.3041836           -0.0605715
1            8.4820073            9.7828880            2.5657867            0.1400449            0.0245548            0.5089060
1            8.4852262            9.7937923            9.5876215            0.0380508           -0.1988209            0.1666860
1            8.5174068            9.7852595           16.5428431           -0.4378933            0.0948116           -0.0328492
1            6.3470765           13.4789254            2.5843275            0.1691640           -0.1238412            0.2134577
1            6.3591976           13.4655883            9.5615782           -0.0045056           -0.0931411            0.1761823
1            6.3493289           13.4281239           16.5498561            0.3678314            0.2342416            0.1099520
1            2.1075044            1.2533736            6.0700808            0.0767337           -0.3146534            0.5071006
1            2.0940004            1.2144021           13.0577525            0.1861029            0.2908609           -0.0101625
1            2.0857417            1.2479704           20.0588172            0.3903043           -0.2498171           -0.1626686
1            0.0002492            4.8936954            6.0957136           -0.0114861           -0.0027766            0.1106571
1            0.0000339            4.8910660           13.0580378            0.0594259            0.1149240            0.1652483
1            0.0016671            4.8969327           20.0391686           -0.1355207           -0.0001385           -0.0319493
1           -2.1222693            8.5664563            6.0901442           -0.0914100           -0.0091366            0.2413631
1           -2.0971201            8.5435440           13.0797973           -0.2625681            0.3416021           -0.3139523
1           -2.1139918            8.5938330           20.0181961           -0.0744852           -0.2621336            0.6097264
1           -4.2361091           12.2377044            6.0852500           -0.0491203            0.1066692            0.3892692
1           -4.2161548           12.2460025           13.1005173           -0.3091827           -0.0085701           -0.4272557
1           -4.2353132           12.2296495           20.0846965            0.0953728            0.2757857           -0.3822466
1            6.3832728            1.2273118            6.1072190           -0.2099280           -0.1913419           -0.0630367
1            6.3874822            1.2466642           13.0929621           -0.4460411           -0.3140154           -0.2791733
1            6.3462974            1.2233523           20.0509669            0.0243608           -0.0001505           -0.2482221
1            4.2295721            4.8982270            6.0594004            0.1145041           -0.0660070            0.5320340
1            4.2396586            4.8953234           13.0209042           -0.0594225           -0.0127552            0.3725901
1            4.2370038            4.8765489           20.0381846           -0.0649075            0.3602049            0.1797048
1            2.1094179            8.5744270            6.1022627            0.0479765            0.0058120            0.1622442
1            2.1219740            8.5690555           13.0686343            0.0091089            0.1772217           -0.0661037
1            2.1202099            8.5685733           20.0304422            0.0315585            0.1255009            0.1944210
1            0.0015231           12.2432233            6.1307580            0.0715621            0.0615241           -0.4559605
1           -0.0006574           12.2427967           13.0628461            0.0274187           -0.0396517           -0.0578105
1           -0.0027317           12.2305896           20.0264370            0.1972027            0.2260373            0.2476442
1           10.5997658            1.2244491            6.0952390            0.0647060            0.0182931            0.1353496
1           10.6017961            1.2261562           13.0697869           -0.0128857           -0.0193471            0.0369608
1           10.5868820            1.2523454           20.0153586            0.1417981           -0.2231199            0.3951280
1            8.4695997            4.8845672            6.1400941            0.2811382            0.1893142           -0.4200299
1            8.4700950            4.8954657           13.0444185            0.2049458            0.1956128            0.5162240
1            8.4674638            4.8977419           20.0401579           -0.0192648            0.0593346           -0.1150813
1            6.3618030            8.5674535            6.0984776            0.1050173            0.1366907           -0.0765770
1            6.3381920            8.5840170           13.0727704            0.3489159           -0.1291995           -0.1820138
1            6.3500344            8.5814005           20.0635654            0.0831387           -0.0676012           -0.0282789
1            4.2234203           12.2325638            6.0765865            0.0598373            0.0167785            0.3248835
1            4.2320620           12.2507918           13.0791701            0.1209907           -0.2339219           -0.1217346
1            4.2438468           12.2523377           20.0487454           -0.0339458           -0.1991983           -0.0202019
1           14.8597445            1.2142596            6.1082143           -0.0893685           -0.0378912           -0.1935186
1           14.8529345            1.2389472           13.0526219           -0.2380498           -0.2475446           -0.1495640
1           14.8544470            1.2018785           20.0704017           -0.1635492            0.2904776           -0.4016443
1           12.7182718            4.8980897            6.0940810            0.1383039           -0.0640085           -0.1515145
1           12.7134969            4.8848240           13.0340927            0.0171386            0.2582613            0.3154121
1           12.7102779            4.9058805           20.0241768            0.0157788           -0.1722450            0.0973138
1           10.6072900            8.5871609            6.1124810           -0.1642523           -0.0325508            0.0080883
1           10.6008408            8.5730970           13.0669962            0.0397562            0.1543469            0.1229740
1           10.6284635            8.5534779           20.0727311           -0.3749365            0.1288303           -0.2705025
1            8.4686304           12.2237958            6.1132880            0.1863868            0.2016411           -0.1987279
1            8.4850886           12.2368998           13.0633466            0.0183018            0.1632964           -0.1133634
1            8.4810191           12.2392256           20.0420790            0.0474992           -0.0995100            0.1346866
