4
         -17.3519479
         -81.8624530          -59.5351577          -83.3092411           -6.0918688            0.0000000            0.0000000
           4.5795068            0.0000000            0.0000000
          -2.2049477            3.8190815            0.0000000
           0.0000000            0.0000000            7.5305197
0            0.0565371            2.5460544            0.0000000
0            2.3180220            1.2730272            3.7652598
1            0.0565371            2.5460544            2.8180870
1            2.3180220            1.2730272            6.5833468
