4
         -17.4870036
         -76.1810629          -55.1402286          -77.8335797           -5.7835762            0.0000000            0.0000000
           4.5371040            0.0000000            0.0000000
          -2.1943470            3.8007205            0.0000000
           0.0000000            0.0000000            7.4607926
0            0.0494700            2.5338137            0.0000000
0            2.2932870            1.2669068            3.7303963
1            0.0494700            2.5338137            2.7919936
1            2.2932870            1.2669068            6.5223899
