4
         -17.2051139
         -86.6486934          -63.3207073          -87.8696243           -6.3083586            0.0000000            0.0000000
           4.6219097            0.0000000            0.0000000
          -2.2155485            3.8374425            0.0000000
           0.0000000            0.0000000            7.6002467
0            0.0636042            2.5582950            0.0000000
0            2.3427570            1.2791475            3.8001233
1            0.0636042            2.5582950            2.8441804
1            2.3427570            1.2791475            6.6443037
