4
         -17.6594218
          87.9989650           60.8001356           94.3105141            8.1512179            0.0000000            0.0000000
           4.0706728            0.0000000            0.0000000
          -2.0777392            3.5987499            0.0000000
           0.0000000            0.0000000            6.6937953
0           -0.0282686            2.3991666            0.0000000
0            2.0212021            1.1995833            3.3468976
1           -0.0282686            2.3991666            2.5049662
1            2.0212021            1.1995833            5.8518638
