4
         -17.8783532
          38.6635590           26.9266999           41.0899985            3.4577670            0.0000000            0.0000000
           4.1554784            0.0000000            0.0000000
          -2.0989406            3.6354718            0.0000000
           0.0000000            0.0000000            6.8332493
0           -0.0141343            2.4236479            0.0000000
0            2.0706721            1.2118239            3.4166247
1           -0.0141343            2.4236479            2.5571530
1            2.0706721            1.2118239            5.9737776
