4
         -17.8778664
         -41.8819003          -29.7506445          -43.4988263           -3.4098067            0.0000000            0.0000000
           4.3674926            0.0000000            0.0000000
          -2.1519442            3.7272767            0.0000000
           0.0000000            0.0000000            7.1818845
0            0.0212014            2.4848511            0.0000000
0            2.1943471            1.2424255            3.5909422
1            0.0212014            2.4848511            2.6876200
1            2.1943471            1.2424255            6.2785622
