4
         -17.2751356
         150.4739358          103.3648258          162.7713765           14.5003163            0.0000000            0.0000000
           3.9858671            0.0000000            0.0000000
          -2.0565378            3.5620280            0.0000000
           0.0000000            0.0000000            6.5543412
0           -0.0424029            2.3746853            0.0000000
0            1.9717321            1.1873426            3.2771706
1           -0.0424029            2.3746853            2.4527794
1            1.9717321            1.1873426            5.7299500
