4
         -17.9289875
         -29.7475580          -21.0404556          -31.0644743           -2.4682850            0.0000000            0.0000000
           4.3250898            0.0000000            0.0000000
          -2.1413435            3.7089157            0.0000000
           0.0000000            0.0000000            7.1121575
0            0.0141343            2.4726105            0.0000000
0            2.1696121            1.2363052            3.5560787
1            0.0141343            2.4726105            2.6615266
1            2.1696121            1.2363052            6.2176053
