4
         -17.0105103
         187.6427655          128.5024655          203.8947741           18.3985597            0.0000000            0.0000000
           3.9434642            0.0000000            0.0000000
          -2.0459371            3.5436670            0.0000000
           0.0000000            0.0000000            6.4846142
0           -0.0494700            2.3624447            0.0000000
0            1.9469971            1.1812223            3.2423071
1           -0.0494700            2.3624447            2.4266860
1            1.9469971            1.1812223            5.6689931
