4
         -15.8673177
         328.0434726          223.0799969          362.1879900           34.0840598            0.0000000            0.0000000
           3.8162557            0.0000000            0.0000000
          -2.0141350            3.4885841            0.0000000
           0.0000000            0.0000000            6.2754331
0           -0.0706714            2.3257227            0.0000000
0            1.8727922            1.1628613            3.1377165
1           -0.0706714            2.3257227            2.3484058
1            1.8727922            1.1628613            5.4861223
