4
         -16.6911969
         229.2803286          156.6107225          250.5664239           22.9333178            0.0000000            0.0000000
           3.9010614            0.0000000            0.0000000
          -2.0353364            3.5253060            0.0000000
           0.0000000            0.0000000            6.4148871
0           -0.0565371            2.3502040            0.0000000
0            1.9222622            1.1751020            3.2074436
1           -0.0565371            2.3502040            2.4005926
1            1.9222622            1.1751020            5.6080362
