4
         -17.8061639
         -52.4819022          -37.4447551          -54.3597074           -4.1901712            0.0000000            0.0000000
           4.4098955            0.0000000            0.0000000
          -2.1625449            3.7456376            0.0000000
           0.0000000            0.0000000            7.2516115
0            0.0282685            2.4970918            0.0000000
0            2.2190820            1.2485459            3.6258058
1            0.0282685            2.4970918            2.7137134
1            2.2190820            1.2485459            6.3395191
