4
         -17.4899643
         117.3713759           80.8937255          126.3994684           11.1072219            0.0000000            0.0000000
           4.0282699            0.0000000            0.0000000
          -2.0671385            3.5803889            0.0000000
           0.0000000            0.0000000            6.6240682
0           -0.0353357            2.3869260            0.0000000
0            1.9964671            1.1934630            3.3120341
1           -0.0353357            2.3869260            2.4788728
1            1.9964671            1.1934630            5.7909069
