4
         -17.0477993
         -90.5837107          -66.5601085          -91.5931989           -6.4399850            0.0000000            0.0000000
           4.6643125            0.0000000            0.0000000
          -2.2261492            3.8558035            0.0000000
           0.0000000            0.0000000            7.6699737
0            0.0706714            2.5705357            0.0000000
0            2.3674920            1.2852678            3.8349869
1            0.0706714            2.5705357            2.8702738
1            2.3674920            1.2852678            6.7052606
