4
         -17.6088024
         -69.4845977          -50.0508966          -71.3052545           -5.3616947            0.0000000            0.0000000
           4.4947012            0.0000000            0.0000000
          -2.1837463            3.7823596            0.0000000
           0.0000000            0.0000000            7.3910656
0            0.0424028            2.5215731            0.0000000
0            2.2685520            1.2607865            3.6955328
1            0.0424028            2.5215731            2.7659002
1            2.2685520            1.2607865            6.4614330
