4
         -16.3120175
         275.8932108          188.0011459          303.0351329           28.1379743            0.0000000            0.0000000
           3.8586585            0.0000000            0.0000000
          -2.0247357            3.5069451            0.0000000
           0.0000000            0.0000000            6.3451601
0           -0.0636043            2.3379634            0.0000000
0            1.8975272            1.1689817            3.1725800
1           -0.0636043            2.3379634            2.3744992
1            1.8975272            1.1689817            5.5470792
