4
         -19.1301644
          -9.6753871          -33.8829164          -37.3308073            7.1417302            0.0000000            0.0000000
           3.9462213            0.0000000            0.0000000
          -2.0125729            3.4858784            0.0000000
           0.0000000            0.0000000            6.6399422
0           -0.0263082            2.3239190            0.0000000
0            1.9599566            1.1619595            3.3199711
1           -0.0263082            2.3239190            2.4821762
1            1.9599566            1.1619595            5.8021473
