4
         -18.4958682
         -29.6928389         -103.2731132         -109.8339122           23.0495931            0.0000000            0.0000000
           3.9462213            0.0000000            0.0000000
          -2.1506906            3.7251054            0.0000000
           0.0000000            0.0000000            7.0956245
0           -0.1183867            2.4834036            0.0000000
0            1.9139174            1.2417018            3.5478122
1           -0.1183867            2.4834036            2.6525216
1            1.9139174            1.2417018            6.2003338
