4
         -19.1068719
          12.1885347           42.2929936           47.5544488           -8.4742736            0.0000000            0.0000000
           3.9462213            0.0000000            0.0000000
          -1.9336484            3.3491773            0.0000000
           0.0000000            0.0000000            6.3795523
0            0.0263081            2.2327849            0.0000000
0            1.9862647            1.1163924            3.1897761
1            0.0263081            2.2327849            2.3848359
1            1.9862647            1.1163924            5.5746121
