4
         -19.0371423
          19.3950171           67.1355074           75.8094923          -13.2197246            0.0000000            0.0000000
           3.9462213            0.0000000            0.0000000
          -1.9139173            3.3150021            0.0000000
           0.0000000            0.0000000            6.3144548
0            0.0394622            2.2100014            0.0000000
0            1.9928418            1.1050007            3.1572274
1            0.0394622            2.2100014            2.3605009
1            1.9928418            1.1050007            5.5177283
