4
         -17.5110886
         101.5725537          335.8972488          392.9762592          -55.9640909            0.0000000            0.0000000
           3.9462213            0.0000000            0.0000000
          -1.7757996            3.0757751            0.0000000
           0.0000000            0.0000000            5.8587725
0            0.1315407            2.0505167            0.0000000
0            2.0388810            1.0252584            2.9293863
1            0.1315407            2.0505167            2.1901555
1            2.0388810            1.0252584            5.1195417
