4
         -18.6227677
         -27.8015733          -96.9107224         -103.6350176           21.5169134            0.0000000            0.0000000
           3.9462213            0.0000000            0.0000000
          -2.1309595            3.6909301            0.0000000
           0.0000000            0.0000000            7.0305270
0           -0.1052326            2.4606201            0.0000000
0            1.9204944            1.2303100            3.5152635
1           -0.1052326            2.4606201            2.6281865
1            1.9204944            1.2303100            6.1434501
