4
         -18.7397854
         -25.6503265          -89.5204591          -96.2854478           19.7537955            0.0000000            0.0000000
           3.9462213            0.0000000            0.0000000
          -2.1112284            3.6567549            0.0000000
           0.0000000            0.0000000            6.9654295
0           -0.0920785            2.4378366            0.0000000
0            1.9270714            1.2189183            3.4827148
1           -0.0920785            2.4378366            2.6038515
1            1.9270714            1.2189183            6.0865663
