4
         -18.3603118
         -31.3725299         -108.7260087         -115.0807087           24.3574498            0.0000000            0.0000000
           3.9462213            0.0000000            0.0000000
          -2.1704217            3.7592807            0.0000000
           0.0000000            0.0000000            7.1607220
0           -0.1315407            2.5061871            0.0000000
0            1.9073403            1.2530935            3.5803610
1           -0.1315407            2.5061871            2.6768567
1            1.9073403            1.2530935            6.2572176
