4
         -17.8642641
          85.3028329          285.3892497          331.7810034          -49.0978885            0.0000000            0.0000000
           3.9462213            0.0000000            0.0000000
          -1.7955307            3.1099504            0.0000000
           0.0000000            0.0000000            5.9238700
0            0.1183866            2.0733003            0.0000000
0            2.0323040            1.0366501            2.9619350
1            0.1183866            2.0733003            2.2144905
1            2.0323040            1.0366501            5.1764255
