4
         -18.9392779
         -20.4496394          -71.4115398          -77.5889011           15.5330299            0.0000000            0.0000000
           3.9462213            0.0000000            0.0000000
          -2.0717662            3.5884043            0.0000000
           0.0000000            0.0000000            6.8352346
0           -0.0657704            2.3922695            0.0000000
0            1.9402255            1.1961348            3.4176173
1           -0.0657704            2.3922695            2.5551814
1            1.9402255            1.1961348            5.9727987
