4
         -18.1661955
          70.7186532          239.8951617          277.2696468          -42.5542864            0.0000000            0.0000000
           3.9462213            0.0000000            0.0000000
          -1.8152618            3.1441257            0.0000000
           0.0000000            0.0000000            5.9889674
0            0.1052325            2.0960838            0.0000000
0            2.0257270            1.0480419            2.9944837
1            0.1052325            2.0960838            2.2388256
1            2.0257270            1.0480419            5.2333093
