4
         -18.8457184
         -23.2160246          -81.0618308          -87.6718567           17.7650868            0.0000000            0.0000000
           3.9462213            0.0000000            0.0000000
          -2.0914973            3.6225796            0.0000000
           0.0000000            0.0000000            6.9003321
0           -0.0789244            2.4150531            0.0000000
0            1.9336485            1.2075265            3.4501660
1           -0.0789244            2.4150531            2.5795164
1            1.9336485            1.2075265            6.0296825
