4
         -19.0188948
         -17.3105844          -60.4280672          -65.8953348           13.0329688            0.0000000            0.0000000
           3.9462213            0.0000000            0.0000000
          -2.0520351            3.5542290            0.0000000
           0.0000000            0.0000000            6.7701371
0           -0.0526163            2.3694860            0.0000000
0            1.9468025            1.1847430            3.3850686
1           -0.0526163            2.3694860            2.5308463
1            1.9468025            1.1847430            5.9159149
