4
         -19.0830392
         -13.7539468          -48.0151296          -52.5186405           10.2230449            0.0000000            0.0000000
           3.9462213            0.0000000            0.0000000
          -2.0323040            3.5200537            0.0000000
           0.0000000            0.0000000            6.7050396
0           -0.0394622            2.3467025            0.0000000
0            1.9533796            1.1733512            3.3525198
1           -0.0394622            2.3467025            2.5065112
1            1.9533796            1.1733512            5.8590311
