4
         -18.8027866
          36.4938853          125.8169811          143.1156007          -23.8559129            0.0000000            0.0000000
           3.9462213            0.0000000            0.0000000
          -1.8744551            3.2466515            0.0000000
           0.0000000            0.0000000            6.1842599
0            0.0657703            2.1644343            0.0000000
0            2.0059958            1.0822172            3.0921299
1            0.0657703            2.1644343            2.3118308
1            2.0059958            1.0822172            5.4039607
