4
         -18.6320102
          46.6541300          160.0588754          183.0222809          -29.7676516            0.0000000            0.0000000
           3.9462213            0.0000000            0.0000000
          -1.8547240            3.2124762            0.0000000
           0.0000000            0.0000000            6.1191624
0            0.0789244            2.1416508            0.0000000
0            2.0125729            1.0708254            3.0595812
1            0.0789244            2.1416508            2.2874957
1            2.0125729            1.0708254            5.3470769
