4
         -19.1487118
           5.7518698           20.0234446           22.3984983           -4.0738882            0.0000000            0.0000000
           3.9462213            0.0000000            0.0000000
          -1.9533795            3.3833526            0.0000000
           0.0000000            0.0000000            6.4446498
0            0.0131541            2.2555684            0.0000000
0            1.9796877            1.1277842            3.2223249
1            0.0131541            2.2555684            2.4091710
1            1.9796877            1.1277842            5.6314959
