4
         -18.9367544
          27.4541284           94.8890797          107.5175764          -18.3443119            0.0000000            0.0000000
           3.9462213            0.0000000            0.0000000
          -1.8941862            3.2808268            0.0000000
           0.0000000            0.0000000            6.2493573
0            0.0526163            2.1872179            0.0000000
0            1.9994188            1.0936089            3.1246787
1            0.0526163            2.1872179            2.3361658
1            1.9994188            1.0936089            5.4608445
