192
          15.7848852            0.0000000            0.0000000
          -7.8924426           13.6701116            0.0000000
           0.0000000            0.0000000           19.5292417
0            0.0347165            2.2776495            0.0225938           -0.4021733           -0.0886374           -0.3505451
0            0.0124028            2.2908630            6.5376054            0.1014539           -0.0290675           -0.2551027
0            0.0157554            2.2718844           13.0206368           -0.0945071            0.1437351           -0.0008264
0           -1.9552929            5.6987200           19.5256995           -0.2405808            0.0177786            0.1009104
0           -1.9752265            5.6932749            6.4886187            0.1925833           -0.0175829            0.0967215
0           -1.9736110            5.6965106           13.0364586           -0.0213565           -0.0842351           -0.2909951
0           -3.9465271            9.1138881           19.4813462           -0.2343074            0.2068969            0.4740952
0           -3.9567589            9.1233834            6.4717839            0.1686111           -0.1472314            0.4246456
0           -3.9737722            9.1401112           12.9964272            0.2620165           -0.3369924            0.2384862
0           -5.8993751           12.4928580            0.0111963           -0.3108102            0.4206462           -0.1477891
0           -5.9287800           12.5240843            6.5158286            0.2381997           -0.0368607            0.0408145
0           -5.9229496           12.5332295           12.9915247            0.0003450            0.0254149            0.2566720
0            3.9724622            2.2809538            0.0160827           -0.1063864           -0.2849622           -0.1001124
0            3.9408533            2.2655548            6.4802605            0.2740783            0.1897221            0.4513902
0            3.9774294            2.2625359           13.0465927           -0.2301812            0.1561133           -0.0278451
0            1.9774277            5.6830591            0.0188453           -0.0098771            0.1421500           -0.1109889
0            1.9579044            5.6898561            6.5091029            0.3212703           -0.0294858           -0.0944243
0            1.9885746            5.6966450           13.0284012           -0.0783626           -0.0772794            0.0506556
0            0.0186095            9.1230887            0.0085769           -0.2227893           -0.1519281           -0.1256797
0            0.0084870            9.1196249            6.4955207           -0.0268040           -0.1312462            0.1441681
0           -0.0146779            9.1178608           13.0106468            0.0623751           -0.0693838            0.2584774
0           -1.9725822           12.5511347            0.0154049            0.0554876           -0.3749133           -0.0569451
0           -1.9672411           12.5248894            6.4768552            0.0037194            0.0091907            0.4120890
0           -1.9801715           12.5315020           13.0087585            0.1148407           -0.0306163            0.1090172
0            7.8545120            2.2937829            0.0115943            0.2949568           -0.3496721           -0.1351351
0            7.8877588            2.2664150            6.4980074            0.0305859            0.0800627            0.0981266
0            7.9045090            2.2677429           13.0487958           -0.5029988           -0.0391199           -0.2166470
0            5.9161431            5.6965799           19.5049270            0.0643499           -0.0923943            0.1389456
0            5.9184155            5.6950467            6.4974404            0.1385336            0.0459463            0.3669180
0            5.9203357            5.6955383           13.0289213           -0.0539688            0.0670525           -0.0905706
0            3.9428683            9.1303732            0.0283512           -0.0423332           -0.1381520           -0.0441832
0            3.9436162            9.1283407            6.4879137            0.1485655           -0.1118700            0.1467227
0            3.9525248            9.1381593           13.0559888           -0.1537634           -0.3312287           -0.3449785
0            1.9737819           12.5289866           19.5290800           -0.0038496            0.0419225           -0.1029778
0            1.9613244           12.5188777            6.5124658            0.1912075            0.1613069            0.0749609
0            1.9729074           12.5306428           13.0183864           -0.0093076            0.0669825            0.0078329
0           11.8480246            2.2657324            0.0424058           -0.1915399            0.0634408           -0.3238047
0           11.8492107            2.2511007            6.4872743           -0.0324975            0.2240990            0.2721381
0           11.8365746            2.2766647           13.0134672           -0.1001456            0.1427969            0.0166758
0            9.8681438            5.6940672           19.5082931            0.0735257           -0.0428166            0.2745702
0            9.8812934            5.7088129            6.5484360           -0.1195067           -0.2406774           -0.5695620
0            9.8669076            5.6957264           13.0231988           -0.0246585            0.0259972           -0.0745247
0            7.8923731            9.1136645            0.0003970           -0.0971484            0.1071112            0.1234831
0            7.8919349            9.1134645            6.5109621           -0.0251268           -0.0683172           -0.1882283
0            7.9036905            9.1053126           13.0443599            0.1536505           -0.0255685           -0.1865254
0            5.9169074           12.5371532           19.5001707           -0.1122881           -0.0519219            0.2529781
0            5.9204051           12.5611078            6.5047668            0.2506769           -0.4343780            0.0859734
0            5.9176676           12.5334325           12.9973868            0.0760656           -0.1238479            0.2170049
0            1.9510835            1.1446999            3.2826614            0.0856754           -0.0163426           -0.1553004
0            1.9747355            1.1464861            9.7611446            0.0173121           -0.0423876            0.2264595
0            1.9543457            1.1454449           16.2871479            0.1246559            0.0063609           -0.2197391
0           -0.0089508            4.5478580            3.2767822           -0.0819517            0.3204963           -0.3384759
0           -0.0248010            4.5742532            9.7418570            0.3645017           -0.1392523            0.1385071
0           -0.0074689            4.5331436           16.3144766            0.0621365            0.1652794           -0.3240193
0           -1.9706355            7.9685121            3.2345719           -0.1239047            0.1345504            0.1227698
0           -1.9718706            7.9748896            9.7659668           -0.0184881            0.0177829           -0.0541513
0           -1.9725864            7.9775533           16.2964161           -0.0831892           -0.1376340            0.0321715
0           -3.9509050           11.3609995            3.2937207           -0.0986958            0.2243483           -0.4425104
0           -3.9434191           11.3876506            9.7572734           -0.1081583            0.2554358            0.3373033
0           -3.9439031           11.3926205           16.2752125           -0.1628754            0.1689019           -0.0985961
0            5.9127305            1.1367344            3.2648285            0.1403378           -0.2036358           -0.1376380
0            5.9081614            1.1122874            9.7410657            0.1169922            0.3516710            0.1719896
0            5.9494126            1.1561420           16.2506072           -0.2329918           -0.3441857            0.2158112
0            3.9600053            4.5537922            3.2610303           -0.0220064            0.0704258            0.0032730
0            3.9528372            4.5607670            9.7693403           -0.0410944           -0.0516511           -0.0804665
0            3.9302614            4.5674734           16.2995326            0.2565558           -0.3251625           -0.2671897
0            1.9760108            7.9478772            3.2840015           -0.1674210            0.1141604           -0.2036407
0            1.9543992            7.9945568            9.7539811            0.3496161           -0.2182413           -0.1713208
0            1.9287333            7.9805694           16.2890817            0.2658509           -0.0334676           -0.1648451
0           -0.0008154           11.3981225            3.2540560           -0.0665238           -0.0589175           -0.0631399
0           -0.0004618           11.3897758            9.7339021           -0.0774464           -0.0519620            0.3777710
0           -0.0013015           11.3883641           16.2999210           -0.1094904            0.1884574           -0.2314468
0            9.8655191            1.1382950            3.2372372           -0.1549156           -0.1599264            0.2012859
0            9.8798844            1.1291494            9.7856415           -0.1034273            0.2060855           -0.1496303
0            9.8463056            1.1183488           16.2620117            0.2073961            0.2105045            0.1206362
0            7.8954726            4.5959305            3.2570258            0.0895711           -0.4951749           -0.0764294
0            7.8963124            4.5505981            9.8046011            0.0637530            0.0251980           -0.2209561
0            7.8939717            4.5721758           16.2516989            0.0772741           -0.1358054            0.2506508
0            5.9229790            7.9633198            3.2505173            0.0646021            0.0314918            0.1110660
0            5.9030044            7.9761995            9.7760119            0.1991178            0.1008276           -0.0134115
0            5.9062411            7.9858759           16.2710027            0.1727607           -0.1024923            0.0769253
0            3.8977435           11.3871902            3.2536912            0.3513937           -0.0736788            0.1053634
0            3.9480578           11.3829577            9.7928484           -0.0632238            0.0709495           -0.4406220
0            3.9089440           11.3794585           16.2672451            0.5018961            0.1302096            0.0801957
0           13.7844971            1.1025414            3.2707392            0.2675956            0.3319137           -0.2285808
0           13.8157875            1.1365156            9.7501063            0.0309802            0.0361260            0.4250449
0           13.8152035            1.1648865           16.2573258           -0.1060572           -0.3083767            0.1046349
0           11.8247461            4.5234603            3.2886052            0.1815817            0.2931096           -0.3848737
0           11.8357571            4.5552664            9.7276948            0.0761778            0.3470263            0.2302112
0           11.8529164            4.5752669           16.2585056           -0.2038780           -0.1988790            0.1916860
0            9.8650967            7.9745992            3.2521218            0.1041832           -0.2152650            0.0108658
0            9.8688347            7.9604695            9.7520809            0.0149156            0.5223522           -0.0176210
0            9.8671186            7.9705092           16.3094619            0.0352457            0.1613627           -0.2912565
0            7.8855854           11.3827507            3.2887864           -0.0610422            0.0846657           -0.3669179
0            7.8778630           11.3924341            9.7623767            0.1713356           -0.0550540            0.2282335
0            7.8944167           11.4122814           16.3120776            0.0476702           -0.1670132           -0.6684643
1            0.0030381            2.3238867            2.4160168           -0.2584948           -0.5985762            0.4390765
1            0.0011259            2.2785697            8.9396529           -0.0135265            0.0965625            0.2113700
1            0.0000690            2.2777577           15.4479671            0.0581993            0.1243108            0.0309952
1           -1.9922009            5.7016102            2.4368728            0.0764753           -0.2725890            0.0066464
1           -1.9635770            5.6998696            8.9315020           -0.2622366            0.1069182           -0.1565618
1           -1.9710895            5.6989704           15.4525478            0.1930018            0.0588613            0.1414966
1           -3.9578175            9.1214199            2.4209385            0.0855655           -0.1691673           -0.1379246
1           -3.9258444            9.1548010            8.9617108           -0.1906856           -0.5274325           -0.4439686
1           -3.9204629            9.1180784           15.4616090           -0.3401038           -0.0775298           -0.1691560
1           -5.9363131           12.5200589            2.4402278            0.1538730            0.0741984            0.1243046
1           -5.9189330           12.5309616            8.9422980           -0.0552647           -0.0024782            0.0946661
1           -5.9231126           12.5654181           15.4355996            0.0121669           -0.3584386            0.1228803
1            3.9598752            2.2754283            2.4515024           -0.2372258           -0.0446081           -0.0548460
1            3.9465319            2.2799856            8.9562466            0.0148452            0.0148900           -0.3278007
1            3.9609839            2.2395100           15.4724284           -0.2001260            0.5001184            0.0259532
1            1.9647129            5.6856142            2.4428599            0.0826662           -0.0663642            0.0671753
1            1.9846443            5.6872978            8.9157884           -0.1591591            0.1475082            0.3130317
1            1.9804313            5.6982653           15.4878514           -0.2915165           -0.0090019           -0.2579609
1           -0.0005558            9.1201358            2.4322727            0.1782728           -0.1119098            0.1243310
1            0.0006454            9.1081881            8.9497394           -0.1356150            0.1034979           -0.2948920
1           -0.0241643            9.1186083           15.4942527            0.0859890            0.0279404           -0.5029777
1           -1.9856317           12.5059985            2.4292185           -0.0634519            0.1946490            0.2303449
1           -1.9810706           12.5307352            8.9702449            0.0563565           -0.1782425           -0.5808060
1           -1.9828584           12.5398267           15.4441850            0.2181545           -0.0631316            0.0734009
1            7.8933217            2.2493123            2.4233363           -0.1367770            0.4521032            0.2434307
1            7.8923461            2.2781319            8.9307365            0.0604553           -0.0566809            0.1537194
1            7.8786487            2.2782080           15.4494864            0.3291305            0.1760119            0.1048812
1            5.9331423            5.7006539            2.4365002           -0.1866765           -0.0496492           -0.2604139
1            5.9228095            5.7010448            8.9804156            0.0896760           -0.0470189           -0.3672245
1            5.9262868            5.6939280           15.4620777           -0.2678908            0.0708923            0.0118846
1            3.9438256            9.0844068            2.4701089           -0.0686343            0.2101172           -0.1871771
1            3.9625107            9.1266313            8.9246773           -0.2559781           -0.0990054            0.0986119
1            3.9369035            9.1088623           15.4735297           -0.2453567           -0.0600346           -0.0230383
1            1.9611318           12.5243424            2.4254676           -0.0506427            0.1173756           -0.0008396
1            1.9579082           12.5271790            8.9532562            0.2961771            0.0253619           -0.0729922
1            1.9802377           12.5230454           15.4607093           -0.2980522           -0.0422897           -0.1885852
1           11.8104442            2.2792944            2.4573487            0.3448912           -0.1634355           -0.0218994
1           11.8594702            2.3121727            8.9613249           -0.2173374           -0.5131340           -0.3702151
1           11.8389517            2.2786174           15.4416978           -0.1926974            0.1031212            0.0934002
1            9.8885576            5.6677249            2.4336296           -0.1227139            0.3062050           -0.1004629
1            9.8774936            5.7252450            8.9294757           -0.1887464           -0.4237756            0.3506000
1            9.8612186            5.7089419           15.4478061            0.1570356           -0.0433551            0.0708150
1            7.8946275            9.1095752            2.4600318           -0.0631086            0.0492197           -0.2791414
1            7.8830996            9.1249598            8.9049872            0.0388536           -0.1756648            0.4729077
1            7.8903625            9.0997389           15.4355080            0.0978267            0.2587025            0.5202332
1            5.9053845           12.5215544            2.4254475           -0.0302927           -0.2267539           -0.0167034
1            5.9191975           12.5314116            8.9426103           -0.1473371            0.0203206           -0.0070388
1            5.9223893           12.5298433           15.4399343           -0.2043198           -0.0079473            0.1431068
1            2.0017384            1.1286931            5.7231025           -0.4717530            0.0014964           -0.2701579
1            1.9809385            1.1416621           12.2311658            0.0852728            0.0377225           -0.3939386
1            1.9702382            1.1597276           18.6800749            0.2739893           -0.3760778            0.5343844
1            0.0186006            4.5628804            5.6643540           -0.2242404           -0.1401202            0.3530548
1            0.0087148            4.5514230           12.1857726           -0.0613735            0.0549466            0.0817718
1            0.0003708            4.5561473           18.7175504            0.0576444           -0.0524347            0.1460411
1           -1.9665921            7.9646969            5.6858139           -0.0409373            0.1613044           -0.1282940
1           -1.9720234            7.9745520           12.1846687           -0.2191712            0.0219374            0.2140559
1           -2.0156107            7.9850169           18.7254144            0.6820764           -0.1388037           -0.0800263
1           -3.9398349           11.3869818            5.6806342           -0.1030209            0.1493903            0.2585405
1           -3.9499645           11.3940796           12.2197180           -0.0121787            0.1340701           -0.3784691
1           -3.9403860           11.3971382           18.7042312            0.1309739           -0.0233469           -0.0426642
1            5.9216507            1.1342309            5.6850837           -0.0178900           -0.0428523            0.0145198
1            5.8953972            1.1266988           12.1848704            0.4401819            0.0807730           -0.0191564
1            5.9301870            1.1023568           18.6905520           -0.1208300            0.4537190           -0.0296324
1            3.9667895            4.5536364            5.6978912           -0.3114582            0.0076329           -0.0851499
1            3.9509300            4.5443376           12.1859357            0.0118823            0.0138738            0.2667074
1            3.9374967            4.5322385           18.7078424            0.1153118            0.2109312            0.1849115
1            1.9896673            7.9656867            5.6967860           -0.1564092            0.0393703            0.0547261
1            1.9438815            7.9596225           12.1663987            0.3899614            0.2368103            0.4200671
1            1.9741637            7.9702795           18.6920417            0.0700555           -0.0454384            0.3788539
1            0.0121139           11.3914615            5.6807779           -0.1017332           -0.0416449           -0.0184824
1            0.0018673           11.3885915           12.2022018           -0.0408851            0.0721580           -0.2018922
1           -0.0001920           11.3906911           18.7078070           -0.0582162            0.0749524            0.2017717
1            9.8615869            1.1405864            5.6878547            0.0183341           -0.1640315           -0.1231443
1            9.8340552            1.1613371           12.2163384            0.3890038           -0.3197141           -0.0924354
1            9.8585983            1.1351132           18.7021555           -0.0612290            0.1715561            0.1384512
1            7.8820512            4.5394817            5.6836675            0.2800191            0.2324109            0.1352746
1            7.8907531            4.5341804           12.2273758            0.0417868            0.1535675           -0.0063171
1            7.9128650            4.5420344           18.7121396           -0.2642451            0.1982962           -0.2471435
1            5.9189239            7.9744508            5.6847113            0.0068853            0.0214677           -0.0090798
1            5.9548130            7.9954305           12.2126683           -0.4072049           -0.1377694           -0.0118069
1            5.9136113            7.9764107           18.7142290           -0.0319761            0.0700436           -0.0489405
1            3.9588850           11.3974295            5.7070811           -0.1319939            0.1361196           -0.2431012
1            3.9484653           11.3944486           12.1782248           -0.0480279            0.0406652            0.3836841
1            3.9464536           11.3919953           18.7043275           -0.0649004           -0.0253053            0.0137471
1           13.8342604            1.1289076            5.6982136            0.0458854            0.2608570           -0.1081789
1           13.8125923            1.1397137           12.2473398            0.0622275            0.0412667           -0.6381867
1           13.7935966            1.1231119           18.7081091            0.3498021            0.3925584           -0.0181562
1           11.8628940            4.5532175            5.6641089           -0.2986222           -0.1080518            0.5446539
1           11.8211931            4.5606239           12.1674773            0.2140523           -0.0222173            0.1394957
1           11.8387219            4.5569972           18.7216472            0.1613237           -0.1269677           -0.1817497
1            9.8615683            7.9730010            5.6932065           -0.0206459           -0.0478719           -0.0931154
1            9.8657962            7.9728186           12.1843462           -0.0984247           -0.0536565            0.0317226
1            9.8626863            7.9739742           18.7240964           -0.0888062            0.0051051           -0.0225854
1            7.9255382           11.3785012            5.6799544           -0.4400954            0.1609406            0.2914993
1            7.9027380           11.3695582           12.2355962           -0.1435097            0.1264344           -0.4665504
1            7.8665985           11.4038605           18.6883266            0.3433310           -0.1799113            0.4760896
