192
          15.7848852            0.0000000            0.0000000
          -7.8924426           13.6701116            0.0000000
           0.0000000            0.0000000           19.5292417
0            0.0136158            2.2897293            0.0064271           -0.0791919           -0.1971791           -0.2752840
0           -0.0018555            2.2787223            6.4691129            0.1153509           -0.1351824            0.3069698
0            0.0015720            2.2795338           13.0210928           -0.2345338            0.1482037            0.0115299
0           -1.9712322            5.6993592            0.0015309            0.0557771           -0.1226000            0.0112994
0           -1.9647118            5.6967508            6.5219736           -0.1761869            0.0279007            0.0338228
0           -2.0046927            5.6971929           13.0107321            0.3546544            0.0501251            0.1601722
0           -3.9715925            9.1343202           19.4954760            0.0963923           -0.1477712            0.2737685
0           -3.9484061            9.1121423            6.5444756            0.0508289           -0.0062388           -0.2514475
0           -3.9407299            9.1176013           12.9790674           -0.2064512           -0.0751534            0.4638758
0           -5.9213605           12.5374456            0.0261670            0.0088500           -0.2132314           -0.2880649
0           -5.9157371           12.5365129            6.5550741           -0.1027685            0.0082006           -0.3939599
0           -5.8919352           12.5315851           12.9904528           -0.4513509            0.0518894            0.4816214
0            3.9316335            2.2657306           19.5127951            0.2705305           -0.0134060            0.0619247
0            3.9775735            2.2577405            6.5038070           -0.4440337            0.3422387            0.0932683
0            3.9631662            2.2356103           13.0244202           -0.1376456            0.2079710           -0.0754752
0            1.9707005            5.7028162           19.5109606           -0.0027410           -0.1322370            0.2528354
0            1.9495118            5.6928246            6.4826837            0.3808465            0.1012165            0.3843046
0            1.9776307            5.6814809           12.9957046           -0.0471058            0.1980996           -0.0816600
0            0.0022568            9.1161183           19.4842055           -0.0271050           -0.4071973            0.2583751
0           -0.0107159            9.0892033            6.5298256            0.0714992            0.1918160           -0.2112363
0           -0.0065287            9.1177726           13.0003803            0.1926400            0.0626850            0.1406548
0           -1.9779323           12.5086005            0.0102081            0.0209451            0.0551310           -0.0616517
0           -1.9419125           12.5184175            6.5401749           -0.4404349            0.1984494           -0.4079955
0           -2.0047444           12.5103176           13.0009179            0.5389179            0.1955615            0.0344436
0            7.8633274            2.2562557            0.0044488           -0.0393870            0.2997240            0.1692578
0            7.9238695            2.2663303            6.5251409           -0.3898054            0.0568548           -0.2086839
0            7.8879364            2.2853513           13.0288609            0.0929567           -0.0652812            0.0353329
0            5.9143079            5.6868698            0.0174209            0.0438119            0.1603035           -0.0190721
0            5.9136670            5.6757596            6.5187794            0.0991875            0.2341317            0.0207538
0            5.9144100            5.6843546           13.0139756           -0.0445987            0.0457912            0.1265505
0            3.9459249            9.1169690            0.0173058            0.1639183            0.1066800           -0.1796144
0            3.9455216            9.1187809            6.4749095            0.0701018           -0.3030445            0.4387407
0            3.9480577            9.0991669           13.0226712           -0.0818783            0.0073128           -0.1665129
0            1.9732208           12.5309730            0.0050954           -0.1129021            0.0122767           -0.1817245
0            1.9758933           12.5305518            6.5144508           -0.1833811           -0.0313012           -0.0396947
0            1.9465235           12.5436603           13.0425576            0.4755922            0.1252628           -0.0875948
0           11.8400484            2.2782906            0.0217597           -0.0242562            0.0666940           -0.2601342
0           11.8420681            2.2889644            6.5040431           -0.0175933           -0.1168422            0.2267906
0           11.8396099            2.2733016           13.0058409            0.0041879            0.0916834            0.1622723
0            9.8639161            5.6955635            0.0222227           -0.0836228           -0.1012054           -0.4585072
0            9.8492295            5.6719290            6.5006936            0.1436596            0.2660615            0.0059852
0            9.8592703            5.6855838           13.0114715            0.0350258            0.1489115            0.3169018
0            7.8899754            9.1197281           19.5234210            0.1418056           -0.1637728            0.2092631
0            7.8922042            9.1121785            6.5083645            0.0318679           -0.0493955            0.1139762
0            7.8948164            9.1149407           13.0074979            0.0349221            0.0405811            0.0597340
0            5.9254985           12.5377767            0.0272536           -0.0929370           -0.0626619           -0.3123221
0            5.9259438           12.5041938            6.5094980           -0.1880095            0.1996339            0.2146920
0            5.9142565           12.4836271           13.0043599           -0.0667095            0.1954815            0.2283596
0            1.9813119            1.1447090            3.2977175           -0.0670822           -0.1303320           -0.5063565
0            1.9305331            1.1577078            9.7803870            0.3640451           -0.0550489           -0.0542272
0            1.9692990            1.1435687           16.2881250            0.1650693           -0.0551740           -0.1352630
0           -0.0007689            4.5573809            3.2577699           -0.0949558           -0.0132019            0.1709094
0           -0.0036549            4.5722577            9.7376346            0.1428360           -0.0492068            0.2658781
0            0.0002128            4.5982939           16.2627206            0.0718239           -0.3764063            0.0331600
0           -2.0066626            7.9789826            3.2472725            0.3119147            0.0005654            0.1380935
0           -1.9930848            8.0020716            9.7720291            0.0668839           -0.1728282            0.0843602
0           -1.9716969            7.9741005           16.2782135           -0.2950035           -0.0059579            0.0740747
0           -3.9370394           11.3968007            3.3002030           -0.1820194           -0.1043674           -0.3299444
0           -3.9761682           11.4170708            9.7682377            0.2609694           -0.2056989            0.0396858
0           -3.9027304           11.4104231           16.2601197           -0.2247896           -0.2349196            0.1146045
0            5.9209220            1.1340522            3.2467388           -0.2692097           -0.1301464            0.1455222
0            5.9177978            1.1430294            9.7497007           -0.0262007           -0.0604524           -0.0101544
0            5.9456604            1.1615905           16.2854518           -0.3990720           -0.3055606           -0.2103155
0            3.9474895            4.5572298            3.2335944            0.0973504            0.0558235            0.3782984
0            3.9142185            4.5797214            9.7948556            0.3472391           -0.2855945           -0.2268283
0            3.9461933            4.5672172           16.3148455           -0.1442707           -0.1280946           -0.4672638
0            1.9518336            7.9990271            3.2176412            0.1553882           -0.2449932            0.4900580
0            1.9822624            7.9712206            9.7758320           -0.0997914            0.1995529           -0.3546067
0            1.9983765            7.9811037           16.2769709           -0.1607849           -0.0796387           -0.2514816
0           -0.0020118           11.3908009            3.2838805           -0.0815983            0.0611733           -0.3139253
0           -0.0041722           11.3915338            9.7803177            0.1037923            0.0570460           -0.2397896
0            0.0032338           11.3937059           16.2761286           -0.1086378           -0.1944849           -0.1081885
0            9.8729535            1.1404788            3.2300751           -0.3484450            0.1050258            0.3096726
0            9.8697213            1.1340045            9.7670915            0.0354841            0.1645221           -0.0330409
0            9.8583733            1.1339049           16.3074468            0.1346311            0.0642893           -0.2560026
0            7.8899804            4.5593230            3.2487104            0.3414709           -0.0105085            0.0371279
0            7.9344629            4.5499080            9.7655479           -0.4767033            0.0421702            0.0009164
0            7.8784132            4.5369855           16.2748603            0.0697244            0.0611822            0.1059091
0            5.8984608            7.9612426            3.2245600            0.1551854            0.1258212            0.4678541
0            5.9193258            7.9742318            9.7660064           -0.0161816            0.0173122            0.1397452
0            5.9431614            7.9792717           16.2805564           -0.1335092           -0.2120860           -0.0668888
0            3.9538553           11.3500392            3.2750681           -0.2336182            0.5465472           -0.1677076
0            3.9370906           11.3923201            9.7828508           -0.1256447           -0.0187084           -0.1624830
0            3.9468049           11.3818277           16.2635359            0.0646523           -0.1303007            0.0300225
0           13.8174754            1.1582472            3.2408226            0.1101146           -0.2797015            0.1737822
0           13.8118618            1.1391203            9.7646351            0.1785012            0.1743290            0.3369000
0           13.8389558            1.1206938           16.2858202           -0.1489334            0.1674137           -0.4241353
0           11.8467547            4.5550071            3.2448401            0.0120609           -0.0425490            0.0275276
0           11.8110654            4.5750503            9.7387354            0.5258315           -0.2186967            0.5246607
0           11.8377028            4.5563344           16.2540361            0.2298002            0.0015877            0.1957538
0            9.8447215            8.0140351            3.2479031            0.1739184           -0.3820810            0.1360727
0            9.8811080            7.9519501            9.7423647           -0.3074528           -0.1106662            0.1853977
0            9.8490124            7.9527993           16.2422979            0.1704798            0.2572782            0.1551637
0            7.8848361           11.4017546            3.2445013            0.0887320            0.0122017            0.1737883
0            7.8916267           11.3593333            9.7536864           -0.0363532            0.4191443           -0.0412671
0            7.8909018           11.3909734           16.2706692            0.2157326           -0.0671672            0.2062466
1            0.0033048            2.2733301            2.4122978            0.1083844            0.0980890            0.3144767
1            0.0052089            2.2937946            8.9241522           -0.2453784           -0.0474681           -0.0853893
1            0.0216891            2.2722695           15.4359429           -0.1828951            0.2725444            0.2901240
1           -1.9702885            5.7168606            2.4194928            0.0383469           -0.2250797            0.1865496
1           -1.9745938            5.6962034            8.9535209           -0.1379193            0.2392830           -0.0196470
1           -1.9596556            5.7210639           15.4467156           -0.2620325           -0.2007396           -0.0566699
1           -3.9534203            9.1021661            2.4471724           -0.1035117            0.4006038           -0.3539653
1           -3.9842469            9.1045866            8.9546914            0.3328668            0.3285590            0.0542630
1           -3.9484264            9.1160997           15.4485315           -0.0307178           -0.0020715           -0.1403298
1           -5.9218856           12.5281542            2.4184124            0.1414952            0.0759528            0.4658405
1           -5.9204828           12.5378427            8.9433504           -0.2761889            0.1507606            0.3147336
1           -5.8946003           12.5275367           15.4864192           -0.1657923            0.0187480           -0.4406835
1            3.9473736            2.2772306            2.4340680           -0.0366430           -0.0239957           -0.1159861
1            3.9433595            2.2748979            8.9301531           -0.1623401            0.1122700            0.2305633
1            3.9538746            2.2746636           15.4454322            0.0038237            0.0866300            0.2754093
1            1.9690752            5.6958838            2.4467771            0.0436334            0.1032855           -0.2439194
1            1.9861347            5.7104519            8.9467134           -0.2608833           -0.0047637           -0.2481445
1            1.9730640            5.6959452           15.4074464            0.1811684            0.1049377            0.4099253
1           -0.0002571            9.1144833            2.4339005           -0.3153705            0.1373166           -0.2876739
1           -0.0162395            9.1286350            8.9366093            0.1614439           -0.1618625            0.2740660
1           -0.0329146            9.0850740           15.4546072            0.5234886            0.3317776           -0.0766433
1           -1.9859638           12.5281731            2.4295365            0.1244517           -0.0593887            0.1682382
1           -1.9659818           12.5140419            8.9289337           -0.1313519            0.1191256            0.4192974
1           -1.9698433           12.5362120           15.4275846            0.2685444            0.2092899            0.0993836
1            7.8503526            2.2693699            2.4509755            0.4687977            0.1493924           -0.2000546
1            7.9008416            2.2804026            8.9401894            0.0070712           -0.0645290            0.1173765
1            7.8832007            2.2593154           15.4706731            0.3175375            0.1587576           -0.2411125
1            5.9464259            5.7053788            2.4518953           -0.3269230           -0.1770677           -0.2184406
1            5.9153135            5.6981904            8.9405003            0.1528090           -0.1526375            0.2441113
1            5.9150045            5.6752696           15.4633750            0.0228647            0.2111734           -0.1014309
1            3.9494025            9.1135598            2.4321444           -0.1361677           -0.1266280           -0.0387653
1            3.9497650            9.1218784            8.9370876           -0.0248596           -0.0005317           -0.1152347
1            3.9706707            9.1002317           15.4224503           -0.0997522            0.0842837            0.3328039
1            1.9437684           12.5630439            2.4272898            0.3565939           -0.5440608            0.1689043
1            1.9604590           12.5502428            8.9413301            0.0916534           -0.2512446            0.0521011
1            1.9825558           12.5247461           15.4624111           -0.0949081            0.0798899            0.0625096
1           11.8388210            2.2424668            2.4539838            0.0304335            0.4532891           -0.2060253
1           11.8547324            2.2912973            8.9725744           -0.1821700           -0.0916916           -0.3175836
1           11.8356192            2.2794768           15.4391256            0.0740230           -0.2017533            0.1985413
1            9.8872025            5.7110907            2.4031122           -0.2328056           -0.0172563            0.5699806
1            9.8844607            5.6614070            8.9429231           -0.3088301            0.4427160           -0.2903393
1            9.8651350            5.6891914           15.4851496           -0.1681899           -0.1660992           -0.4457227
1            7.8800939            9.1139129            2.4719411           -0.1490507            0.1113236           -0.4864146
1            7.9039011            9.1203429            8.9696514           -0.0646517           -0.3914746           -0.3711203
1            7.8910816            9.1099059           15.4495911            0.0834860            0.1018271           -0.1135753
1            5.9187312           12.5278234            2.4283286           -0.1729117            0.0793713            0.2948953
1            5.9013944           12.5423857            8.9840128            0.1755086           -0.2130075           -0.4046323
1            5.9277030           12.5081559           15.4722019           -0.0856133            0.1207991           -0.3343825
1            1.9793469            1.1350529            5.6800594            0.0427260            0.0122933            0.3826998
1            1.9453880            1.1519539           12.2169829            0.3177828           -0.1392490           -0.1998054
1            1.9807327            1.1159478           18.7096889           -0.1794928            0.2092340            0.0163778
1            0.0046921            4.5568100            5.7374293           -0.2162823           -0.0376669           -0.6287198
1           -0.0043945            4.5684920           12.1975041           -0.1486074           -0.0991016           -0.1700963
1           -0.0020909            4.5564497           18.7126602            0.0329298            0.0882508           -0.1767732
1           -1.9726056            7.9685939            5.6916217           -0.1243697            0.0197073           -0.0346636
1           -1.9835734            7.9841619           12.2274076            0.1297033           -0.0883331           -0.4352706
1           -2.0000128            7.9422797           18.7083993            0.1908528            0.4104848           -0.0129329
1           -3.9658305           11.3923108            5.7058943            0.2816282            0.0333681            0.2561550
1           -3.9455666           11.3933032           12.2185076           -0.0664565           -0.1099239           -0.4881771
1           -3.9429643           11.4065066           18.6987886           -0.1184800            0.0050866           -0.0244001
1            5.8890188            1.1474634            5.6809185            0.6906570           -0.3104829            0.0469407
1            5.9316724            1.1350529           12.1884444           -0.0050910           -0.1503036           -0.0505517
1            5.9407673            1.1109533           18.6868469           -0.3880572            0.0248936            0.2904749
1            3.9511763            4.5691640            5.7228541           -0.1713572           -0.2829963           -0.4803409
1            3.9394336            4.5360639           12.2074294            0.1084600           -0.1107871            0.0610653
1            3.9508486            4.5615218           18.7101669           -0.1049444           -0.1274885            0.2516726
1            1.9770094            7.9727490            5.7138714           -0.1558327            0.0464811           -0.4932029
1            1.9822284            7.9778581           12.1645858           -0.1237397           -0.1162979            0.4538710
1            2.0170031            7.9642533           18.6998567           -0.3534364            0.1423444            0.0401731
1           -0.0200033           11.3891527            5.6869001            0.3342606           -0.1776106            0.2145049
1            0.0393276           11.4158307           12.1818195           -0.5934169           -0.2324599            0.2389588
1           -0.0181808           11.3669352           18.7089280            0.2069695            0.3473115           -0.0653269
1            9.8657494            1.1345535            5.6890542            0.1818136           -0.0462971           -0.1889172
1            9.8748418            1.1550923           12.1934488           -0.1914482           -0.1320074            0.0809146
1            9.8224992            1.1626993           18.7138664            0.4372467           -0.2163140            0.2041162
1            7.8921626            4.5563838            5.6900256           -0.0972319           -0.1834860           -0.0764482
1            7.8923485            4.5566624           12.1982214           -0.0375650           -0.0342846           -0.0247045
1            7.8623536            4.5471428           18.7139539            0.2904788           -0.0312079            0.0401992
1            5.9154637            7.9667032            5.6952372            0.0534128           -0.0655249           -0.2271929
1            5.9175586            7.9749108           12.2287762            0.0476056           -0.1274068           -0.3368040
1            5.9184451            7.9745565           18.7090071           -0.0337421           -0.0371957            0.1054987
1            3.9238491           11.3611029            5.7017027            0.1958219            0.4098766           -0.1216803
1            3.9287660           11.3634474           12.1947858           -0.1286374            0.2213594            0.2155910
1            3.9483859           11.3911736           18.6960063            0.0044687            0.0433607            0.1453183
1           13.8160848            1.1457979            5.6868808           -0.1211466           -0.2343776           -0.0854724
1           13.8030173            1.1270853           12.2425615            0.1554556           -0.1065179           -0.4070520
1           13.8161603            1.1284192           18.6775715            0.0109126            0.1534552            0.5184310
1           11.8369470            4.5543922            5.6943185            0.0808910            0.1026998           -0.1485320
1           11.8409594            4.5629836           12.2251862           -0.1929652           -0.1371127           -0.4992462
1           11.8535801            4.5829883           18.7115641           -0.1930553           -0.3458123           -0.0782566
1            9.8808038            7.9782306            5.6852101           -0.1353417           -0.1533137            0.0979138
1            9.8668265            7.9737098           12.1792897           -0.0063238           -0.0899014            0.0430152
1            9.8665715            7.9553274           18.6800409           -0.1810883            0.1415839            0.1160038
1            7.8939743           11.3958265            5.7026196            0.1452917           -0.0181099           -0.1583136
1            7.8872552           11.3890700           12.1654175            0.2655482           -0.0122014            0.2678406
1            7.8868893           11.3896668           18.7289607            0.0796106            0.1017509           -0.1832192
