192
          15.7848852            0.0000000            0.0000000
          -7.8924426           13.6701116            0.0000000
           0.0000000            0.0000000           19.5292417
0           -0.0385573            2.2892532           19.5263494            0.3279668           -0.0182215            0.0971472
0            0.0057208            2.3158557            6.5084975            0.1690513           -0.4984433            0.0326956
0           -0.0026952            2.2920289           12.9984609           -0.1551549           -0.1716309            0.2406808
0           -1.9705714            5.6961019           19.5270927           -0.2028210            0.0948272            0.1751041
0           -1.9856199            5.7116087            6.4657515            0.0698677           -0.2831480            0.1588491
0           -1.9553095            5.6840995           13.0075916           -0.1436366            0.1661922            0.2486961
0           -3.9414074            9.1183004            0.0168655           -0.0543172           -0.0618789           -0.4306490
0           -3.9533147            9.1117615            6.5158081           -0.0099260            0.1567923           -0.2167445
0           -3.9087097            9.0954512           13.0099887           -0.5466529            0.1442622            0.2637831
0           -5.9148130           12.5533929           19.5009385            0.0129953            0.0161694            0.3931928
0           -5.9253362           12.5323033            6.5129800            0.0668143           -0.1096467           -0.0654873
0           -5.9292366           12.5234636           12.9923719            0.1078426           -0.0400020            0.2434451
0            3.9405328            2.2302638            0.0095514            0.0647805            0.3481079           -0.0342297
0            3.9460462            2.2755830            6.5102307            0.2116022            0.0477019            0.0846881
0            3.9390211            2.2817408           13.0244428           -0.1182324           -0.1688419           -0.1116957
0            1.9712766            5.7087901           19.4883312            0.0755402           -0.1529676            0.4172251
0            1.9627858            5.6975614            6.5480141           -0.0321181           -0.2015300           -0.5139903
0            1.9983059            5.7111004           13.0550227           -0.2662027           -0.1602814           -0.3286546
0           -0.0139091            9.1003112            0.0207957            0.1001554            0.0922433           -0.2698780
0           -0.0069562            9.0961544            6.4827121            0.1294809            0.1038237            0.3464251
0            0.0004297            9.1082354           12.9896025            0.1415259            0.0698372            0.3053274
0           -1.9758931           12.5289327           19.5108858            0.0288930            0.1012635            0.1864203
0           -1.9791858           12.5216051            6.5310858            0.2427054            0.3122145           -0.2249694
0           -1.9779422           12.5375048           13.0003354            0.0072159           -0.0728754            0.3585504
0            7.8995184            2.2677079           19.4921246           -0.0838891            0.1039413            0.2205285
0            7.8912294            2.2752163            6.5147398            0.0047550            0.1112270           -0.3008560
0            7.8747751            2.2801146           13.0067548            0.1292186            0.0446855            0.3204962
0            5.9199760            5.6983725            0.0051698           -0.1334307           -0.0120210           -0.1962142
0            5.9161558            5.6987153            6.5101696            0.0861207           -0.0108328           -0.2091434
0            5.9364196            5.6810489           13.0373997           -0.1312983            0.2093270           -0.4401778
0            3.9574816            9.1071924           19.4929931            0.0233311           -0.0849538            0.2128827
0            3.9165387            9.1282978            6.5251841            0.2907674           -0.1026682            0.0021757
0            3.9472319            9.1012274           13.0222442           -0.2128608            0.1788479            0.1403281
0            1.9737786           12.5320093           19.5278030           -0.0822573            0.1013080           -0.0085760
0            1.9778930           12.5439823            6.5017206           -0.1098280           -0.0784641           -0.0009948
0            1.9725511           12.5314108           13.0254998            0.0696280           -0.0532864            0.0213032
0           11.8447377            2.2697753           19.5067590           -0.0549609            0.4220085            0.3572852
0           11.8414766            2.2782072            6.5329633            0.0664870           -0.0433162           -0.4034972
0           11.8446183            2.2806345           13.0311673            0.0534092            0.0067144           -0.1474585
0            9.8368220            5.6702408            0.0313720            0.1066853            0.3963821           -0.2188743
0            9.8711872            5.6781534            6.5389752           -0.1439626            0.0435934           -0.4218526
0            9.8663167            5.6830431           13.0362910           -0.0128814           -0.0043756           -0.1835470
0            7.9108993            9.1337691            0.0230373           -0.1335731           -0.1946725           -0.5001408
0            7.8777760            9.0722367            6.4970643            0.1095981            0.4109813           -0.0660519
0            7.9038226            9.1068527           13.0450895           -0.0291418            0.2130219           -0.1945901
0            5.9210244           12.5280440           19.4848728            0.1290584            0.0268646            0.3207601
0            5.9228096           12.5330586            6.5370809            0.0193971            0.1232466           -0.2634778
0            5.9396303           12.5074097           13.0506101           -0.2458548            0.2146059           -0.3510653
0            1.9610500            1.1376595            3.2884806            0.1604196           -0.0377514           -0.3792701
0            1.9729393            1.1298165            9.7573300           -0.0818243            0.0895398            0.1509680
0            1.9793228            1.1079079           16.2806222           -0.0827695            0.3035442           -0.2045365
0           -0.0439855            4.5527846            3.2384260            0.3379145            0.0935360            0.0575651
0            0.0012427            4.5538726            9.7631026           -0.1752015           -0.0000976            0.1192068
0           -0.0339407            4.5501554           16.2647159            0.4739140           -0.1120797            0.1641295
0           -1.9639605            7.9920298            3.2806476            0.0236256           -0.0362059           -0.3087685
0           -1.9787623            7.9415389            9.7829137            0.0323136            0.0708855           -0.1445148
0           -1.9645809            7.9816589           16.2583853           -0.1877283           -0.0395188            0.2500883
0           -3.9654715           11.3985033            3.2743756            0.1868686           -0.1005113           -0.1992342
0           -3.9405061           11.4083718            9.7495128            0.0590704           -0.2877163           -0.0422675
0           -3.9483905           11.3950345           16.3211308           -0.0402115           -0.0279284           -0.2932117
0            5.9133009            1.1430622            3.2576170           -0.0270455            0.0400789           -0.2436610
0            5.9216405            1.1387348            9.7766075           -0.0588854            0.0627616           -0.1947668
0            5.9290661            1.1263591           16.2762518           -0.1067069            0.0358433           -0.1920534
0            3.9396916            4.5654714            3.2188342            0.0692000            0.0943678            0.3537440
0            3.9566496            4.5699311            9.7754682           -0.2633889            0.0775146           -0.1815000
0            3.9264256            4.5613251           16.2450775            0.1011221           -0.1708843            0.2597826
0            1.9771641            7.9426532            3.2340704           -0.0155583            0.3616240            0.3100605
0            1.9570824            7.9737275            9.7604678            0.1460564           -0.0030665           -0.0894792
0            1.9632118            7.9731768           16.2713945            0.0506408           -0.0127281            0.0771145
0           -0.0093730           11.4149605            3.2967137            0.0665781           -0.1787256           -0.4478962
0            0.0030260           11.3842898            9.7579151            0.0509996            0.0886005            0.1280211
0            0.0290539           11.4298861           16.2745617           -0.1654550           -0.6199980            0.1139342
0            9.8473605            1.1346816            3.2144919            0.1920071            0.0582671            0.3419770
0            9.8398604            1.1323739            9.7743823            0.3472801            0.1885211            0.0044271
0            9.8655284            1.1392027           16.2782282            0.1469561            0.1405404            0.0237948
0            7.9157698            4.5309339            3.2296103           -0.1738734            0.2292600           -0.0688765
0            7.8890965            4.5561137            9.7991083            0.0811176           -0.1010252           -0.7389940
0            7.8938805            4.6054285           16.2842570           -0.0136683           -0.4513526            0.0016196
0            5.9264415            7.9731918            3.2518664           -0.0617533            0.0379307           -0.1117482
0            5.9304848            7.9768259            9.7581067            0.0233034            0.0418309            0.0667114
0            5.9124609            7.9775031           16.2513266            0.1449606           -0.3297986            0.0658413
0            3.9428152           11.3996708            3.2394856            0.0424703           -0.1304183            0.2475777
0            3.9554696           11.3978567            9.7380164           -0.2182625           -0.0773855            0.0842720
0            3.9204736           11.3976956           16.2402584            0.3175175           -0.0099444            0.5445019
0           13.8083464            1.1342258            3.2534408            0.0568745           -0.0123474           -0.0126025
0           13.8215496            1.1422320            9.7807276           -0.1429511           -0.0145049           -0.2026787
0           13.8073748            1.1422737           16.2968073            0.0428814            0.0670433           -0.3110399
0           11.8423033            4.5580595            3.2863759           -0.0611446           -0.0704186           -0.4077618
0           11.8386922            4.5432896            9.7906752           -0.0316313            0.2099967           -0.2807348
0           11.8589215            4.5702257           16.2759059           -0.2069287            0.0746945            0.1018289
0            9.8672551            7.9735075            3.2539615            0.0466089            0.0698255           -0.0404875
0            9.8475119            7.9964868            9.7600129            0.3906769           -0.3528016            0.1199445
0            9.8302650            7.9893308           16.2766400            0.2666944           -0.0532833            0.0412327
0            7.8759142           11.4013228            3.2384138            0.0007312           -0.1624871            0.1242808
0            7.9323337           11.3836733            9.7401040           -0.4062245           -0.1061102            0.1375507
0            7.8927217           11.3896521           16.2766967           -0.0256906           -0.0570404            0.0577170
1            0.0042429            2.2870052            2.4524835           -0.1079407           -0.1742817           -0.2607255
1            0.0014993            2.2764371            8.9462665            0.0574616           -0.0058853           -0.0608426
1            0.0007682            2.2803906           15.4493650            0.0250658           -0.1682939           -0.0084311
1           -1.9795339            5.7099319            2.4519279           -0.1501923            0.0754602           -0.1991102
1           -1.9870678            5.6737473            8.9123466            0.0868060            0.0738278            0.1234987
1           -1.9376946            5.7000882           15.4692063           -0.4900046            0.1314694           -0.3717707
1           -3.9282086            9.1036618            2.3978755           -0.1606361            0.1472846            0.6281457
1           -3.9409118            9.0951530            8.9168842            0.0140717            0.1977515            0.4268199
1           -3.9567572            9.1174235           15.4794308           -0.0042998           -0.0098252           -0.2604806
1           -5.9364762           12.5225433            2.4405584            0.1022271            0.2139918           -0.2306031
1           -5.9193379           12.5309333            8.9432539            0.1714947            0.0884384           -0.1232128
1           -5.9264412           12.5294831           15.4583646            0.1430625           -0.2066626           -0.2466706
1            3.9356053            2.3014904            2.4372583           -0.0260371           -0.3615094           -0.0045447
1            3.9333201            2.2866177            8.9685082            0.1610048           -0.0594255           -0.2227602
1            3.9389741            2.2749578           15.4453652            0.0963789           -0.1085980            0.0967769
1            1.9675633            5.6949946            2.4482351           -0.2291580           -0.2358269           -0.4537903
1            1.9405416            5.7082997            8.9296583            0.3386517           -0.1637070            0.4314248
1            1.9727948            5.6965876           15.4514507           -0.2150801            0.0116110            0.2059191
1           -0.0005290            9.1214805            2.4202039            0.0909429            0.0818050            0.4229485
1            0.0025654            9.1126640            8.9700035           -0.2553013           -0.0629453           -0.4076796
1           -0.0092569            9.0873920           15.4480288            0.2179687            0.5424532           -0.1544238
1           -1.9678114           12.5354730            2.4321979           -0.1983356           -0.0114339           -0.0626057
1           -1.9617850           12.5375021            8.9380652           -0.0485459           -0.0076586            0.1625505
1           -1.9592369           12.5004778           15.4884717           -0.2074744            0.2504002           -0.4659326
1            7.8902026            2.2791152            2.4185349           -0.1148257           -0.1419317           -0.2275676
1            7.8875046            2.2620125            8.9165832           -0.0695866            0.2794429            0.3736551
1            7.9049090            2.2760878           15.4853874           -0.1514930            0.2909609           -0.3348455
1            5.9219204            5.6939513            2.4228436            0.1273487           -0.0196408            0.1277754
1            5.9223728            5.6935417            8.9332544            0.0744932            0.0307414            0.1444455
1            5.9139799            5.6653011           15.4346641           -0.0551492            0.3259473            0.2332963
1            3.9464013            9.1093056            2.4124390            0.0183745           -0.0083451            0.0385563
1            3.9408428            9.1069775            8.9427616            0.0552885            0.0085859            0.1219607
1            3.9606263            9.1136704           15.4992458           -0.3468432            0.0001082           -0.5674864
1            1.9691084           12.5298389            2.4314849           -0.0914956           -0.0501296            0.0130442
1            1.9659167           12.5441490            8.9325869            0.0623032           -0.1529122            0.0613642
1            1.9754648           12.5399761           15.4770369            0.0309592            0.1124677           -0.3939425
1           11.8456721            2.2740556            2.4371718           -0.0933989            0.0926270           -0.1581163
1           11.8546676            2.3075728            8.9224461           -0.2271294           -0.4447934            0.4927161
1           11.8391033            2.2887880           15.4460704            0.0108985           -0.0397732            0.1871583
1            9.8680758            5.6949023            2.4247448            0.0854002           -0.0093900            0.2893524
1            9.8713532            5.6938961            8.9336784           -0.0859488            0.0074298            0.4222648
1            9.8420036            5.7181109           15.4520065            0.3888638           -0.0952062            0.0613503
1            7.8937873            9.1122150            2.3994685            0.0190897            0.0431515            0.5586177
1            7.9290614            9.0922877            8.9190193           -0.5047678            0.2668557            0.0494770
1            7.8824540            9.1035702           15.4528544           -0.0635934            0.2330304            0.0533546
1            5.9175738           12.5306132            2.4160418           -0.0568260            0.0785995           -0.1201926
1            5.9152940           12.5245991            8.9486710            0.3154722            0.0930353            0.1075124
1            5.9200974           12.5307404           15.4529220           -0.0532056            0.0230235            0.2390299
1            2.0062115            1.1225826            5.6779009           -0.3950902            0.2334592            0.3906621
1            1.9421109            1.1297733           12.2026104            0.3256683            0.0994319           -0.1219441
1            1.9764615            1.1412460           18.6871185           -0.3202534            0.1389941            0.2219087
1           -0.0154914            4.5327162            5.6630331            0.1629182            0.5562888            0.1217167
1           -0.0086440            4.5499994           12.2193731            0.4126659            0.2381332           -0.2776453
1           -0.0160095            4.5760247           18.7053219            0.0935453           -0.1817703           -0.0869575
1           -1.9826586            7.9741244            5.6828773           -0.0426140            0.1308654            0.0888520
1           -1.9656711            7.9866550           12.2181656            0.0617181           -0.3974010           -0.2414286
1           -1.9731028            7.9743176           18.7072336           -0.0454904            0.0183488           -0.0868475
1           -3.9206691           11.4154674            5.7005661           -0.3479361           -0.3170213            0.0113285
1           -3.9396980           11.3828635           12.1830596           -0.0790038            0.0023657            0.0465560
1           -3.9569159           11.4037386           18.7207323            0.0821997           -0.1519870            0.1476144
1            5.9324791            1.1437144            5.6589171           -0.1106608           -0.1372596            0.4274519
1            5.9191619            1.1426822           12.1912938           -0.1295775           -0.0068427            0.1147873
1            5.9196898            1.1389196           18.6879544            0.0097162           -0.0704286            0.1774852
1            3.9464431            4.5574982            5.6904707           -0.1321349            0.0326796           -0.1260106
1            3.9341717            4.5481879           12.1937960            0.1987115            0.1605947            0.1357262
1            3.9340890            4.5329417           18.6963848            0.1529644           -0.0123324           -0.0101018
1            1.9927614            7.9667677            5.7217216           -0.2772815           -0.0688829           -0.4947200
1            1.9589317            7.9568610           12.1715792            0.2020758            0.1090103            0.2514442
1            1.9750552            7.9747089           18.7083466           -0.1317284            0.1695396           -0.0941642
1           -0.0090870           11.3887769            5.6822983            0.0856254            0.0046815            0.3917878
1           -0.0015821           11.3908129           12.2071974            0.0272105            0.0661541           -0.1341801
1           -0.0113515           11.3915943           18.7090001            0.1889168           -0.1094868           -0.0020740
1            9.8635684            1.1421604            5.6920352            0.0685039            0.0780736           -0.2611953
1            9.8639511            1.1447830           12.2289190           -0.0291279            0.0071987           -0.2377632
1            9.8867183            1.1682285           18.7053055           -0.1491453           -0.4148999           -0.0462634
1            7.8903967            4.5545703            5.6396368            0.0512384            0.0271014            0.4618833
1            7.8989943            4.5539962           12.1606344           -0.0029250           -0.0136826            0.6574068
1            7.9018055            4.5605727           18.7088044           -0.2715368           -0.0619154           -0.0172571
1            5.9069669            7.9907158            5.6809203           -0.2063260           -0.1641742            0.0569347
1            5.9253068            8.0113867           12.2087730            0.0414327           -0.4944758           -0.0847367
1            5.9267844            7.9761338           18.6711157            0.1936606            0.0059823            0.2461613
1            3.9436094           11.3820913            5.7198561            0.0676789            0.2210661           -0.4097771
1            3.9470246           11.3944948           12.1740307            0.0390545           -0.0410086            0.2371611
1            3.9528986           11.3894085           18.7381195           -0.1523546            0.0360154           -0.5899452
1           13.8314764            1.1579693            5.6792908           -0.1445973           -0.1951026            0.1922811
1           13.8122639            1.1373787           12.1932225           -0.0320020           -0.1486164            0.2226766
1           13.7872883            1.1463803           18.7054375            0.2130458           -0.1403775           -0.0033168
1           11.8319245            4.5504193            5.6741796           -0.0342044            0.0033379            0.3350055
1           11.8505609            4.5598239           12.1946620           -0.1023914           -0.0204907            0.2390469
1           11.8087646            4.5845813           18.7326429            0.2645170           -0.2560889           -0.2266586
1            9.8610987            7.9744459            5.6977285            0.0928036           -0.1881130           -0.1517976
1            9.8442898            7.9565885           12.2066428            0.3515038            0.1210858           -0.0878153
1            9.8647187            7.9723292           18.7012227            0.0122661           -0.0921342            0.1985812
1            7.8936375           11.3940555            5.6838001           -0.0694108           -0.2167418            0.0321050
1            7.8878843           11.3961234           12.1911631            0.0994505           -0.2775018           -0.0839912
1            7.9215126           11.4024925           18.7156097           -0.2334508           -0.0602057           -0.1642354
