192
          15.7848852            0.0000000            0.0000000
          -7.8924426           13.6701116            0.0000000
           0.0000000            0.0000000           19.5292417
0            0.0020023            2.2838800           19.5122261           -0.1808549           -0.1127635            0.0124897
0           -0.0233831            2.3036175            6.4762459            0.2876619           -0.1403314            0.0488261
0           -0.0143248            2.2859951           13.0439076            0.0684821            0.1971930           -0.2207367
0           -1.9651832            5.6742298           19.5123081           -0.0398963            0.2297708           -0.0389044
0           -1.9731143            5.6958833            6.5098122           -0.2345461            0.0981578            0.3058518
0           -1.9728463            5.6959667           13.0137352            0.0174534            0.1229143            0.1701291
0           -3.9736816            9.1069813           19.4954477            0.3135938            0.0231834            0.2985575
0           -3.9474461            9.1103612            6.5239133           -0.0271162            0.1110672           -0.1751347
0           -3.9507156            9.1111996           13.0522525            0.0876280            0.0907184           -0.3409133
0           -5.8982538           12.5251324           19.5149660           -0.3560758           -0.2004422            0.0999585
0           -5.9215210           12.5344755            6.4868480           -0.1100972           -0.0958445            0.4489681
0           -5.9261741           12.5312402           13.0521371           -0.1978687           -0.0081664           -0.5692408
0            3.9335555            2.2440081           19.5187598            0.3206564            0.3733319            0.3804087
0            3.9641701            2.2766752            6.5169593           -0.1065533           -0.0297645           -0.1108084
0            3.9925215            2.2762327           13.0131596           -0.4081112           -0.0294590           -0.0215882
0            1.9715662            5.6940932            0.0003646            0.1610533            0.0166911            0.0043377
0            1.9713614            5.6993637            6.4777311            0.0846157            0.0269313            0.2019774
0            1.9791465            5.7185014           13.0229936            0.0642606           -0.0700111            0.0829334
0           -0.0071417            9.1129376            0.0462849            0.1833426            0.0292602           -0.4537480
0           -0.0063097            9.0934364            6.4669525            0.0952911            0.2301336            0.6067570
0           -0.0037861            9.1068860           13.0160045            0.1227473            0.0471598           -0.0028832
0           -1.9750394           12.5188883           19.5141241            0.1353577            0.1378075           -0.0077732
0           -1.9820711           12.5591301            6.5055699            0.0293390           -0.4795871           -0.0857010
0           -2.0140499           12.5160540           13.0009451            0.6117984           -0.1491581            0.5177343
0            7.8699444            2.2787961           19.4921570            0.1246927           -0.1497831            0.4016618
0            7.8923238            2.2782188            6.5094378            0.0757618            0.1482327           -0.1461857
0            7.9086887            2.2721554           13.0283795           -0.2891513            0.1232746            0.2268001
0            5.9261058            5.6716972           19.5215938           -0.2151051            0.2026762           -0.0231297
0            5.9230561            5.6978099            6.4905843            0.0014382           -0.0626459            0.2783872
0            5.9206707            5.6965043           13.0494315           -0.1209808            0.1004619           -0.0766498
0            3.9252385            9.1228226            0.0055588            0.0919654           -0.1130786           -0.0194972
0            3.9448939            9.1178373            6.5099899           -0.0026358            0.1814469           -0.0723216
0            3.9456268            9.1125706           13.0239519            0.0206696           -0.1877879           -0.1428831
0            1.9739049           12.5331040           19.5282516            0.1185132           -0.2394470            0.0087198
0            1.9460171           12.5138737            6.5330028            0.3498145            0.0994786           -0.4323111
0            1.9891857           12.5395547           12.9731846           -0.1804926           -0.3050930            0.6193692
0           11.8415029            2.2785986           19.5283590           -0.2233068           -0.2538379            0.0410391
0           11.8393871            2.2821088            6.5092978            0.1006752            0.0445473           -0.0063775
0           11.8411008            2.2861572           13.0332005           -0.2578352            0.0741834           -0.2198287
0            9.8690880            5.6688185           19.5135177           -0.1007428            0.2246550            0.1282167
0            9.8664392            5.7069968            6.5403514            0.0237700           -0.0909067           -0.3041719
0            9.8642624            5.6962000           13.0144279           -0.0453489            0.0612103            0.1086547
0            7.8797495            9.1109495            0.0478363           -0.0359161           -0.1286687           -0.3547921
0            7.8754975            9.1215558            6.4823443            0.1974597           -0.1281553            0.3076412
0            7.9093916            9.1068214           13.0216824           -0.0247380            0.0874293           -0.0854414
0            5.9367417           12.5157642           19.5009674           -0.0095862            0.2033817            0.1391076
0            5.8923621           12.5388624            6.5366977            0.1792790            0.0370184            0.0164814
0            5.9226131           12.5462508           13.0471024           -0.0951281           -0.2100728           -0.1499436
0            1.9310607            1.1326298            3.2594357            0.1846826            0.1149211           -0.1220346
0            1.9625186            1.1434995            9.7714471           -0.1314647            0.0664391            0.1591459
0            1.9870771            1.1498382           16.2973403            0.0618445           -0.0888278           -0.1137762
0           -0.0071628            4.5420754            3.2621657           -0.1744691            0.1890795            0.0553577
0            0.0031179            4.5471714            9.7322152           -0.0152582            0.1502255            0.4013291
0            0.0024144            4.5603264           16.2884671            0.0289250           -0.0450245           -0.1751993
0           -1.9739248            7.9640088            3.2190418            0.0816811            0.2267083            0.3869417
0           -1.9763910            7.9810121            9.7571751            0.0288670            0.0552547            0.1386505
0           -1.9731800            7.9749223           16.2542386            0.0822144            0.0967853            0.1985711
0           -3.9373286           11.4296061            3.2792966           -0.1032051           -0.2671253           -0.3371453
0           -3.9234073           11.3791645            9.7936886           -0.2638963            0.4391126           -0.1091416
0           -3.9544832           11.3698111           16.2512887           -0.0694931            0.2096163            0.2243522
0            5.9424469            1.1309382            3.2826097           -0.1572616           -0.0051938           -0.0402949
0            5.8983054            1.1229308            9.7746206            0.2407715            0.2042200            0.0613210
0            5.9214767            1.1222061           16.2506496            0.0024115            0.0560481           -0.0544008
0            3.9597155            4.5734835            3.2782012           -0.1835973           -0.0603247           -0.2310616
0            3.9467910            4.5249956            9.7844663           -0.0659800            0.4230363           -0.0972463
0            3.9256781            4.5588649           16.2588870            0.1592301           -0.2743807            0.1690607
0            1.9769596            7.9792913            3.2758266            0.2322756           -0.1186262           -0.0868566
0            1.9735078            7.9732585            9.7164838            0.1820875           -0.1596670            0.4773989
0            1.9727007            7.9670673           16.3082801           -0.0046552           -0.0115788           -0.4534799
0           -0.0022520           11.3934826            3.2714931            0.0923406            0.0208499           -0.4252424
0           -0.0284573           11.4020222            9.7293379            0.3325645           -0.1950078            0.3399399
0            0.0093369           11.4002617           16.2617959            0.1063863           -0.1959749            0.1320242
0            9.8859591            1.1636911            3.2728578           -0.0894495           -0.1326230           -0.0397891
0            9.8684051            1.1381768            9.7628779           -0.1135742           -0.0509950           -0.1080255
0            9.8888180            1.1236061           16.3114722           -0.2540642            0.2245271           -0.3368563
0            7.8905751            4.5451338            3.2611033           -0.0288292            0.2878536           -0.0196286
0            7.9135407            4.5314959            9.7576331           -0.2570215            0.2034874            0.1991424
0            7.8968760            4.5572132           16.2852724            0.0403547            0.2805779           -0.0485036
0            5.9187967            7.9753520            3.2561253            0.0616914           -0.1411473            0.1606627
0            5.9331598            7.9700944            9.7577157           -0.2688298            0.0766631            0.1145089
0            5.9230655            7.9686810           16.2747895           -0.0902675            0.0145848            0.0032698
0            3.9255181           11.3748092            3.2133311            0.2549741            0.2013222            0.1768755
0            3.9409225           11.4014554            9.7519503            0.2028548            0.0712221            0.1989616
0            3.9386535           11.3912552           16.2716491            0.1164543           -0.1844764            0.2035776
0           13.8055128            1.1362364            3.2205573            0.0507277           -0.2333535            0.3697413
0           13.8169250            1.1512673            9.7716941           -0.0264813            0.1622758            0.0088639
0           13.8001715            1.1472022           16.2635793            0.2246624           -0.1605535            0.1133940
0           11.7972438            4.5730000            3.2612314            0.5538101           -0.1583418           -0.2802843
0           11.8401610            4.5564733            9.7872531            0.0237137           -0.0233663           -0.3629267
0           11.8419039            4.5227876           16.2796723            0.0432979            0.3493214            0.2199591
0            9.8646214            7.9726326            3.2553826            0.1523528            0.0024727           -0.0386800
0            9.8984354            7.9765702            9.7403608           -0.2179672            0.0291020            0.1655836
0            9.8419225            7.9588844           16.2686657            0.0921422            0.3020729            0.0151105
0            7.8975441           11.3854775            3.2850745           -0.0876177            0.2081348           -0.1182271
0            7.9093762           11.3738717            9.7623062           -0.2538440            0.0440697            0.1594348
0            7.8919645           11.4041081           16.3188779            0.1301104           -0.1564858           -0.6347366
1           -0.0407585            2.2832684            2.4154221            0.3233516            0.0038148            0.0506323
1           -0.0199109            2.2967614            8.9033094            0.1851863           -0.2203293            0.2301538
1            0.0048671            2.2796940           15.4556643           -0.0328635           -0.0117521            0.2412870
1           -1.9638239            5.7215733            2.3921970           -0.2036615           -0.4812413            0.3942858
1           -1.9735761            5.7017219            8.9702209           -0.1101000           -0.0548524           -0.2704822
1           -1.9727388            5.6953717           15.4682546           -0.0526968           -0.0960899           -0.1531888
1           -3.9457448            9.1219881            2.4321192           -0.0539141            0.1783973           -0.1058811
1           -3.9407703            9.1562443            8.9357651            0.0921115           -0.3662099            0.0907310
1           -3.9501727            9.1143383           15.4514724           -0.1155118           -0.2360051            0.2106608
1           -5.9160375           12.5332521            2.4170059           -0.1114114           -0.0817809            0.1444412
1           -5.9451457           12.5279014            8.9761943            0.5178176            0.0219524           -0.3891615
1           -5.9230925           12.5300076           15.4211423           -0.0122641            0.0673348            0.7143552
1            3.9543661            2.2715020            2.4821401           -0.1269801            0.0127613           -0.3586743
1            3.9440959            2.2802015            8.9365285           -0.0736162           -0.2075418            0.1273048
1            3.9684583            2.2791310           15.4253512           -0.1701820           -0.0360074            0.2879091
1            1.9455139            5.7002665            2.4352763            0.3000267           -0.0753145            0.0973825
1            1.9564091            5.6992573            8.9103312            0.3241108           -0.1605260            0.1432680
1            1.9887117            5.6775067           15.4576391           -0.3126696            0.2987382           -0.0468713
1            0.0390162            9.1052924            2.4389300           -0.3438012            0.1828204            0.2715176
1            0.0241054            9.0963025            8.9729714           -0.4088033            0.2819044           -0.6188892
1            0.0061409            9.1187684           15.4418001            0.0410878           -0.0891223            0.1155633
1           -1.9739947           12.5328681            2.4268522            0.1387904            0.0273088            0.0047805
1           -1.9703601           12.5340600            8.9284371           -0.2259403           -0.0031129            0.0221760
1           -1.9641225           12.5001038           15.4891169           -0.1538560            0.1920506           -0.5456074
1            7.8846571            2.2943329            2.4624737            0.1795163           -0.2584730           -0.4859202
1            7.8938194            2.2836275            8.9036527           -0.1090934           -0.2730383            0.5211195
1            7.8855314            2.3111026           15.4881409            0.3252222           -0.5139082           -0.2643052
1            5.9204722            5.6982920            2.4069386            0.0627308           -0.0098939            0.2941839
1            5.9236317            5.6945030            8.9422283           -0.0090529           -0.1590863           -0.0046917
1            5.8995596            5.6638512           15.4720425            0.2222154            0.3106095           -0.0041619
1            3.9680479            9.1049965            2.4270518           -0.2787096           -0.0881310            0.0635485
1            3.9223930            9.1392615            8.9217835            0.3961293           -0.2196603            0.2208638
1            3.9308325            9.1113657           15.4302499            0.1044928           -0.0518121            0.3640943
1            1.9773681           12.5406064            2.4199982           -0.2189531            0.0944856            0.1871109
1            1.9759725           12.5158597            8.9210197           -0.1602415            0.1845223            0.3739503
1            1.9860554           12.5343678           15.4885719           -0.0897415            0.0653234           -0.6486517
1           11.8659120            2.2595364            2.4220984           -0.3370463            0.4277034            0.1036234
1           11.8385013            2.2793457            8.9423148            0.0261024            0.0487798            0.0921371
1           11.8483057            2.2828073           15.4637365           -0.2044826           -0.1824830           -0.1427547
1            9.8656975            5.6961354            2.4296433           -0.2835843            0.0462542           -0.1093143
1            9.8676027            5.6869544            8.9437478            0.1202111            0.0825062            0.1767350
1            9.8882674            5.7098353           15.4607982           -0.1469578           -0.3378266           -0.0862459
1            7.8916120            9.1138915            2.4594672            0.0305715            0.0249982            0.0570723
1            7.8917631            9.1140678            8.9435283            0.1490110           -0.1141687           -0.2039913
1            7.8910722            9.1251121           15.4300439           -0.0330113           -0.0025783            0.3271622
1            5.9196663           12.5325140            2.3945219            0.0729868           -0.1974959            0.2608751
1            5.9435845           12.5649034            8.9659582           -0.1775300           -0.3569917           -0.0316359
1            5.9240029           12.5132307           15.4678410           -0.0569493            0.2160007            0.0401834
1            1.9843551            1.1286847            5.6878018           -0.1844771            0.2899123            0.0525884
1            1.9684517            1.1460993           12.2416093            0.0761658            0.0668112           -0.3078631
1            1.9787284            1.1214340           18.7508751           -0.2064817            0.0789034           -0.4273848
1           -0.0149347            4.5923512            5.7171859            0.1224500           -0.2434857           -0.4568964
1            0.0112432            4.5985529           12.2176256           -0.0441918           -0.4502239           -0.3519431
1            0.0059097            4.5567083           18.7042847            0.0503449           -0.0391605            0.0127683
1           -1.9710456            7.9767787            5.7270579           -0.1985268           -0.1205725           -0.6440446
1           -1.9654505            7.9792549           12.2085621           -0.2305046            0.0159748           -0.1094297
1           -1.9609118            7.9729348           18.7114859           -0.1503490           -0.0196292           -0.1271251
1           -3.9654490           11.3890905            5.6762895            0.2460362            0.0351459            0.2942795
1           -3.9467802           11.4172023           12.2126668           -0.3384748           -0.4681666           -0.0196880
1           -3.9542156           11.3950888           18.7071540            0.1155622           -0.1556163           -0.2491728
1            5.9390048            1.1333482            5.7178798           -0.1158252            0.1876369           -0.2330370
1            5.9188845            1.1030062           12.2317556            0.2585728            0.2934935           -0.3606146
1            5.9161033            1.1368513           18.6624410           -0.1264748           -0.1484247            0.3240688
1            3.9472476            4.5568539            5.7028717            0.0171247           -0.0168123           -0.0815397
1            3.9474844            4.5517031           12.2214979            0.0351255            0.0785340           -0.1366276
1            3.9537657            4.5560237           18.6897872           -0.1797023           -0.2451308            0.1543011
1            1.9753035            7.9808288            5.7002462            0.0862842           -0.0510721           -0.1528777
1            1.9719703            7.9739770           12.1946100            0.1028190            0.0795036           -0.2804065
1            1.9819198            7.9712724           18.6957635           -0.2700702            0.0662664            0.4121744
1            0.0074108           11.3831787            5.6630368           -0.2824981            0.0516081            0.3863769
1            0.0086749           11.3816447           12.1982844           -0.2273978            0.1541665           -0.1716206
1            0.0170242           11.3910408           18.6953603           -0.1349013           -0.1592578            0.1331510
1            9.8642913            1.1528824            5.7162536            0.0307549           -0.2625403           -0.1642998
1            9.8263872            1.1131411           12.2019889            0.5237165            0.4272537           -0.1371152
1            9.8577633            1.1051321           18.7035743            0.0808454            0.4559944            0.3099913
1            7.8925499            4.5581232            5.6895551            0.0784087            0.0246877            0.0170296
1            7.8769384            4.5658632           12.2251307            0.1638953           -0.2106745           -0.3126447
1            7.8736424            4.5531332           18.7098662            0.2878118            0.0087864           -0.0652346
1            5.9104440            7.9726621            5.7161374           -0.0340540           -0.0143504           -0.3874166
1            5.9457741            7.9786707           12.2170126           -0.2519853           -0.0803577           -0.1849601
1            5.8878051            7.9636378           18.7303483            0.2796690            0.0575319           -0.1375712
1            3.9661499           11.4005934            5.6708432           -0.3801709           -0.0420095           -0.0543019
1            3.9401297           11.3742552           12.2149364            0.2521622            0.2139058           -0.2789044
1            3.9767841           11.3868404           18.7312861           -0.3538525            0.0448474           -0.3057125
1           13.8193267            1.1341573            5.6921594           -0.1890875            0.0131770           -0.3193296
1           13.8006003            1.1391904           12.2044231            0.0866673            0.0915049            0.0148097
1           13.7875146            1.1318013           18.7061191            0.2822936            0.0358991           -0.1174285
1           11.8416576            4.5625251            5.6734697           -0.0936546            0.0179567            0.2281953
1           11.8372143            4.5929053           12.1758371           -0.0215989           -0.3895448            0.4135728
1           11.8396581            4.5352398           18.7402480            0.0332304            0.0903683           -0.4099568
1            9.8699034            7.9763606            5.6835446           -0.0933404           -0.0050253            0.1101677
1            9.8684667            7.9748329           12.1964274            0.1109332            0.0112412           -0.1378864
1            9.8654851            7.9743683           18.6999502           -0.3337285           -0.1800822            0.0572054
1            7.8705040           11.3915278            5.7219700            0.0201085            0.1952080           -0.1982120
1            7.8724014           11.3774579           12.1990234            0.1921758            0.1615531            0.0423937
1            7.8766107           11.3780356           18.6821413            0.3987080           -0.0127899            0.5858074
