4
         -19.3702782
         100.9600987          336.9465098          394.4615172          -57.9426208            0.0000000            0.0000000
           3.7916264            0.0000000            0.0000000
          -1.7251900            2.9881167            0.0000000
           0.0000000            0.0000000            5.6931060
0            0.1137488            1.9920778            0.0000000
0            1.9526876            0.9960389            2.8465530
1            0.1137488            1.9920778            2.1273561
1            1.9526876            0.9960389            4.9739091
