4
         -20.7691707
          -6.2586363          -21.6677405          -24.0356401            4.5025742            0.0000000            0.0000000
           3.7916264            0.0000000            0.0000000
          -1.9147713            3.3164812            0.0000000
           0.0000000            0.0000000            6.3187221
0           -0.0126388            2.2109875            0.0000000
0            1.8894938            1.1054937            3.1593610
1           -0.0126388            2.2109875            2.3611315
1            1.8894938            1.1054937            5.5204925
