4
         -20.5396686
         -25.0038984          -87.3618295          -95.3810587           18.8343643            0.0000000            0.0000000
           3.7916264            0.0000000            0.0000000
          -1.9906038            3.4478270            0.0000000
           0.0000000            0.0000000            6.5689685
0           -0.0631938            2.2985513            0.0000000
0            1.8642163            1.1492757            3.2844842
1           -0.0631938            2.2985513            2.4546416
1            1.8642163            1.1492757            5.7391259
