4
         -19.9628663
          69.1225422          235.1285157          272.0408468          -42.6890924            0.0000000            0.0000000
           3.7916264            0.0000000            0.0000000
          -1.7631063            3.0537896            0.0000000
           0.0000000            0.0000000            5.8182292
0            0.0884713            2.0358598            0.0000000
0            1.9400488            1.0179299            2.9091146
1            0.0884713            2.0358598            2.1741112
1            1.9400488            1.0179299            5.0832258
