4
         -20.3246706
         -31.4038277         -110.1897975         -118.9575819           24.0462612            0.0000000            0.0000000
           3.7916264            0.0000000            0.0000000
          -2.0285201            3.5134999            0.0000000
           0.0000000            0.0000000            6.6940917
0           -0.0884713            2.3423333            0.0000000
0            1.8515776            1.1711666            3.3470458
1           -0.0884713            2.3423333            2.5013967
1            1.8515776            1.1711666            5.8484426
