4
         -20.7541908
           7.0406319           24.2203376           27.0545972           -4.9045287            0.0000000            0.0000000
           3.7916264            0.0000000            0.0000000
          -1.8768551            3.2508083            0.0000000
           0.0000000            0.0000000            6.1935988
0            0.0126387            2.1672056            0.0000000
0            1.9021326            1.0836028            3.0967994
1            0.0126387            2.1672056            2.3143764
1            1.9021326            1.0836028            5.4111758
