4
         -20.5189351
          33.2531851          113.8466972          129.7123017          -21.9544813            0.0000000            0.0000000
           3.7916264            0.0000000            0.0000000
          -1.8199807            3.1522990            0.0000000
           0.0000000            0.0000000            6.0059140
0            0.0505550            2.1015327            0.0000000
0            1.9210907            1.0507663            3.0029570
1            0.0505550            2.1015327            2.2442438
1            1.9210907            1.0507663            5.2472008
