4
         -20.1890568
          55.8985638          190.6194550          219.3393335          -35.3775882            0.0000000            0.0000000
           3.7916264            0.0000000            0.0000000
          -1.7820644            3.0866261            0.0000000
           0.0000000            0.0000000            5.8807908
0            0.0758325            2.0577507            0.0000000
0            1.9337295            1.0288753            2.9403954
1            0.0758325            2.0577507            2.1974887
1            1.9337295            1.0288753            5.1378841
