4
         -20.6291166
          23.5811978           80.8459904           91.5808442          -15.8693964            0.0000000            0.0000000
           3.7916264            0.0000000            0.0000000
          -1.8389388            3.1851354            0.0000000
           0.0000000            0.0000000            6.0684756
0            0.0379162            2.1234236            0.0000000
0            1.9147713            1.0617118            3.0342378
1            0.0379162            2.1234236            2.2676213
1            1.9147713            1.0617118            5.3018591
