4
         -20.6246511
         -21.1396797          -73.6449231          -80.7716637           15.7634031            0.0000000            0.0000000
           3.7916264            0.0000000            0.0000000
          -1.9716457            3.4149905            0.0000000
           0.0000000            0.0000000            6.5064069
0           -0.0505550            2.2766604            0.0000000
0            1.8705357            1.1383302            3.2532034
1           -0.0505550            2.2766604            2.4312641
1            1.8705357            1.1383302            5.6844675
