4
         -20.0597245
         -36.2299071         -127.5492592         -136.4768238           28.0801921            0.0000000            0.0000000
           3.7916264            0.0000000            0.0000000
          -2.0664364            3.5791728            0.0000000
           0.0000000            0.0000000            6.8192149
0           -0.1137488            2.3861152            0.0000000
0            1.8389388            1.1930576            3.4096075
1           -0.1137488            2.3861152            2.5481518
1            1.8389388            1.1930576            5.9577592
