4
         -19.6910334
          83.8842912          284.0844715          330.4458476          -50.3560830            0.0000000            0.0000000
           3.7916264            0.0000000            0.0000000
          -1.7441481            3.0209532            0.0000000
           0.0000000            0.0000000            5.7556676
0            0.1011100            2.0139688            0.0000000
0            1.9463682            1.0069844            2.8778338
1            0.1011100            2.0139688            2.1507336
1            1.9463682            1.0069844            5.0285674
