4
         -20.6924277
         -16.7647779          -58.2169820          -64.1251618           12.3706015            0.0000000            0.0000000
           3.7916264            0.0000000            0.0000000
          -1.9526876            3.3821541            0.0000000
           0.0000000            0.0000000            6.4438453
0           -0.0379163            2.2547694            0.0000000
0            1.8768551            1.1273847            3.2219226
1           -0.0379163            2.2547694            2.4078865
1            1.8768551            1.1273847            5.6298092
