4
         -20.7411956
         -11.8322613          -40.9901971          -45.3108485            8.6175790            0.0000000            0.0000000
           3.7916264            0.0000000            0.0000000
          -1.9337294            3.3493177            0.0000000
           0.0000000            0.0000000            6.3812837
0           -0.0252775            2.2328784            0.0000000
0            1.8831744            1.1164392            3.1906418
1           -0.0252775            2.2328784            2.3845090
1            1.8831744            1.1164392            5.5751508
