4
         -16.6121792
         226.5058705           85.3872292          272.3372862           49.5771758            0.0000000            0.0000000
           3.8586585            0.0000000            0.0000000
          -2.1201421            3.6721938            0.0000000
           0.0000000            0.0000000            6.3451601
0           -0.1272085            2.4481292            0.0000000
0            1.8657250            1.2240646            3.1725800
1           -0.1272085            2.4481292            2.3744992
1            1.8657250            1.2240646            5.5470792
