4
         -16.2499666
         266.2378265          102.2194798          323.2882291           59.2040182            0.0000000            0.0000000
           3.8162557            0.0000000            0.0000000
          -2.1201421            3.6721938            0.0000000
           0.0000000            0.0000000            6.2754331
0           -0.1413428            2.4481292            0.0000000
0            1.8374565            1.2240646            3.1377165
1           -0.1413428            2.4481292            2.3484058
1            1.8374565            1.2240646            5.4861223
