4
         -17.9339704
         -27.2993534           -9.0245196          -29.8808068           -5.0760695            0.0000000            0.0000000
           4.3250898            0.0000000            0.0000000
          -2.1201421            3.6721938            0.0000000
           0.0000000            0.0000000            7.1121575
0            0.0282685            2.4481292            0.0000000
0            2.1766792            1.2240646            3.5560787
1            0.0282685            2.4481292            2.6615266
1            2.1766792            1.2240646            6.2176053
