4
         -17.3989847
         127.6457384           45.9205831          149.1812436           26.6685032            0.0000000            0.0000000
           3.9858671            0.0000000            0.0000000
          -2.1201421            3.6721938            0.0000000
           0.0000000            0.0000000            6.5543412
0           -0.0848057            2.4481292            0.0000000
0            1.9505307            1.2240646            3.2771706
1           -0.0848057            2.4481292            2.4527794
1            1.9505307            1.2240646            5.7299500
