4
         -17.9574911
         -14.4139697           -4.8109063          -15.9396674           -2.7257497            0.0000000            0.0000000
           4.2826870            0.0000000            0.0000000
          -2.1201421            3.6721938            0.0000000
           0.0000000            0.0000000            7.0424304
0            0.0141343            2.4481292            0.0000000
0            2.1484106            1.2240646            3.5212152
1            0.0141343            2.4481292            2.6354332
1            2.1484106            1.2240646            6.1566484
