4
         -17.8933452
          34.1586773           11.7405727           38.6127915            6.7281358            0.0000000            0.0000000
           4.1554784            0.0000000            0.0000000
          -2.1201421            3.6721938            0.0000000
           0.0000000            0.0000000            6.8332493
0           -0.0282686            2.4481292            0.0000000
0            2.0636050            1.2240646            3.4166247
1           -0.0282686            2.4481292            2.5571530
1            2.0636050            1.2240646            5.9737776
