4
         -17.3347534
         -84.4260629          -27.4600763          -87.7709649          -14.4181454            0.0000000            0.0000000
           4.6219097            0.0000000            0.0000000
          -2.1201421            3.6721938            0.0000000
           0.0000000            0.0000000            7.6002467
0            0.1272085            2.4481292            0.0000000
0            2.3745591            1.2240646            3.8001233
1            0.1272085            2.4481292            2.8441804
1            2.3745591            1.2240646            6.6443037
