4
         -17.9395408
          16.1715600            5.5042108           18.1473581            3.1314535            0.0000000            0.0000000
           4.1978813            0.0000000            0.0000000
          -2.1201421            3.6721938            0.0000000
           0.0000000            0.0000000            6.9029764
0           -0.0141343            2.4481292            0.0000000
0            2.0918735            1.2240646            3.4514882
1           -0.0141343            2.4481292            2.5832464
1            2.0918735            1.2240646            6.0347346
