4
         -17.2047656
         -88.9287746          -28.9818096          -91.9481130          -14.9574208            0.0000000            0.0000000
           4.6643125            0.0000000            0.0000000
          -2.1201421            3.6721938            0.0000000
           0.0000000            0.0000000            7.6699737
0            0.1413428            2.4481292            0.0000000
0            2.4028277            1.2240646            3.8349869
1            0.1413428            2.4481292            2.8702738
1            2.4028277            1.2240646            6.7052606
