4
         -17.6687329
         -66.0621604          -21.5001000          -70.0693241          -11.6778395            0.0000000            0.0000000
           4.4947012            0.0000000            0.0000000
          -2.1201421            3.6721938            0.0000000
           0.0000000            0.0000000            7.3910656
0            0.0848057            2.4481292            0.0000000
0            2.2897534            1.2240646            3.6955328
1            0.0848057            2.4481292            2.7659002
1            2.2897534            1.2240646            6.4614330
