4
         -17.8321290
         -49.0332880          -16.0519836          -52.8321345           -8.8821415            0.0000000            0.0000000
           4.4098955            0.0000000            0.0000000
          -2.1201421            3.6721938            0.0000000
           0.0000000            0.0000000            7.2516115
0            0.0565371            2.4481292            0.0000000
0            2.2332163            1.2240646            3.6258058
1            0.0565371            2.4481292            2.7137134
1            2.2332163            1.2240646            6.3395191
