4
         -17.5679724
         -73.0223152          -23.7587621          -76.8862756          -12.7375749            0.0000000            0.0000000
           4.5371040            0.0000000            0.0000000
          -2.1201421            3.6721938            0.0000000
           0.0000000            0.0000000            7.4607926
0            0.0989399            2.4481292            0.0000000
0            2.3180220            1.2240646            3.7303963
1            0.0989399            2.4481292            2.7919936
1            2.3180220            1.2240646            6.5223899
