4
         -16.9216120
         190.3431756           70.5890038          226.7222709           41.0102817            0.0000000            0.0000000
           3.9010614            0.0000000            0.0000000
          -2.1201421            3.6721938            0.0000000
           0.0000000            0.0000000            6.4148871
0           -0.1130743            2.4481292            0.0000000
0            1.8939936            1.2240646            3.2074436
1           -0.1130743            2.4481292            2.4005926
1            1.8939936            1.2240646            5.6080362
