4
         -17.7138401
          76.2084055           26.6841856           87.5273659           15.4432535            0.0000000            0.0000000
           4.0706728            0.0000000            0.0000000
          -2.1201421            3.6721938            0.0000000
           0.0000000            0.0000000            6.6937953
0           -0.0565371            2.4481292            0.0000000
0            2.0070678            1.2240646            3.3468976
1           -0.0565371            2.4481292            2.5049662
1            2.0070678            1.2240646            5.8518638
