4
         -17.8915473
         -38.7865796          -12.7507969          -42.0616908           -7.1204699            0.0000000            0.0000000
           4.3674926            0.0000000            0.0000000
          -2.1201421            3.6721938            0.0000000
           0.0000000            0.0000000            7.1818845
0            0.0424028            2.4481292            0.0000000
0            2.2049478            1.2240646            3.5909422
1            0.0424028            2.4481292            2.6876200
1            2.2049478            1.2240646            6.2785622
