4
         -17.4562404
         -79.1426653          -25.7323733          -82.7745474          -13.6697646            0.0000000            0.0000000
           4.5795068            0.0000000            0.0000000
          -2.1201421            3.6721938            0.0000000
           0.0000000            0.0000000            7.5305197
0            0.1130742            2.4481292            0.0000000
0            2.3462906            1.2240646            3.7652598
1            0.1130742            2.4481292            2.8180870
1            2.3462906            1.2240646            6.5833468
