4
         -19.1486870
          17.9656917           73.3137273            9.7245358          -14.8706068            0.0000000            0.0000000
           4.1091370            0.0000000            0.0000000
          -1.9723858            3.4162723            0.0000000
           0.0000000            0.0000000            6.7515920
0            0.0547885            2.2775149            0.0000000
0            2.0819628            1.1387574            3.3757960
1            0.0547885            2.2775149            2.5273982
1            2.0819628            1.1387574            5.9031942
