4
         -19.2107111
         -10.2815795          -40.9315584           -5.5454475            9.2655648            0.0000000            0.0000000
           4.1091370            0.0000000            0.0000000
          -2.1162056            3.6653755            0.0000000
           0.0000000            0.0000000            6.7515920
0           -0.0410914            2.4435837            0.0000000
0            2.0340228            1.2217918            3.3757960
1           -0.0410914            2.4435837            2.5273982
1            2.0340228            1.2217918            5.9031942
