4
         -18.5253695
          57.9476497          236.6999991           32.3536839          -42.4400162            0.0000000            0.0000000
           4.1091370            0.0000000            0.0000000
          -1.8491116            3.2027553            0.0000000
           0.0000000            0.0000000            6.7515920
0            0.1369712            2.1351702            0.0000000
0            2.1230541            1.0675851            3.3757960
1            0.1369712            2.1351702            2.5273982
1            2.1230541            1.0675851            5.9031942
