4
         -19.1407660
         -15.9351625          -62.5430224           -8.6454219           14.5350356            0.0000000            0.0000000
           4.1091370            0.0000000            0.0000000
          -2.1572969            3.7365479            0.0000000
           0.0000000            0.0000000            6.7515920
0           -0.0684856            2.4910319            0.0000000
0            2.0203257            1.2455159            3.3757960
1           -0.0684856            2.4910319            2.5273982
1            2.0203257            1.2455159            5.9031942
