4
         -19.0950705
         -18.4402630          -71.8241524          -10.0441283           16.9009203            0.0000000            0.0000000
           4.1091370            0.0000000            0.0000000
          -2.1778426            3.7721341            0.0000000
           0.0000000            0.0000000            6.7515920
0           -0.0821828            2.5147560            0.0000000
0            2.0134771            1.2573780            3.3757960
1           -0.0821828            2.5147560            2.5273982
1            2.0134771            1.2573780            5.9031942
