4
         -18.9855158
         -22.8719757          -87.7943178          -12.5983782           21.1218311            0.0000000            0.0000000
           4.1091370            0.0000000            0.0000000
          -2.2189340            3.8433064            0.0000000
           0.0000000            0.0000000            6.7515920
0           -0.1095770            2.5622043            0.0000000
0            1.9997800            1.2811021            3.3757960
1           -0.1095770            2.5622043            2.5273982
1            1.9997800            1.2811021            5.9031942
