4
         -19.2438889
           4.0059797           16.1607026            2.1421632           -3.4577192            0.0000000            0.0000000
           4.1091370            0.0000000            0.0000000
          -2.0340228            3.5230309            0.0000000
           0.0000000            0.0000000            6.7515920
0            0.0136971            2.3486872            0.0000000
0            2.0614171            1.1743436            3.3757960
1            0.0136971            2.3486872            2.5273982
1            2.0614171            1.1743436            5.9031942
