4
         -19.2251619
           8.3098439           33.6766653            4.4635377           -7.0797992            0.0000000            0.0000000
           4.1091370            0.0000000            0.0000000
          -2.0134771            3.4874447            0.0000000
           0.0000000            0.0000000            6.7515920
0            0.0273942            2.3249631            0.0000000
0            2.0682656            1.1624815            3.3757960
1            0.0273942            2.3249631            2.5273982
1            2.0682656            1.1624815            5.9031942
