4
         -19.0130147
          29.2496334          119.8221718           15.9884552          -23.3730071            0.0000000            0.0000000
           4.1091370            0.0000000            0.0000000
          -1.9312944            3.3451000            0.0000000
           0.0000000            0.0000000            6.7515920
0            0.0821827            2.2300667            0.0000000
0            2.0956599            1.1150333            3.3757960
1            0.0821827            2.2300667            2.5273982
1            2.0956599            1.1150333            5.9031942
