4
         -19.1937640
          12.9503548           52.6776851            6.9832738          -10.8858529            0.0000000            0.0000000
           4.1091370            0.0000000            0.0000000
          -1.9929314            3.4518585            0.0000000
           0.0000000            0.0000000            6.7515920
0            0.0410913            2.3012390            0.0000000
0            2.0751142            1.1506195            3.3757960
1            0.0410913            2.3012390            2.5273982
1            2.0751142            1.1506195            5.9031942
