4
         -18.9200838
          35.6441204          145.8821199           19.5545389          -27.9146849            0.0000000            0.0000000
           4.1091370            0.0000000            0.0000000
          -1.9107487            3.3095138            0.0000000
           0.0000000            0.0000000            6.7515920
0            0.0958798            2.2063426            0.0000000
0            2.1025084            1.1031713            3.3757960
1            0.0958798            2.2063426            2.5273982
1            2.1025084            1.1031713            5.9031942
