4
         -19.0431276
         -20.7446339          -80.2159903          -11.3550216           19.0947242            0.0000000            0.0000000
           4.1091370            0.0000000            0.0000000
          -2.1983883            3.8077202            0.0000000
           0.0000000            0.0000000            6.7515920
0           -0.0958799            2.5384802            0.0000000
0            2.0066286            1.2692401            3.3757960
1           -0.0958799            2.5384802            2.5273982
1            2.0066286            1.2692401            5.9031942
