4
         -18.8554679
         -26.6050291         -100.6047661          -14.8413667           24.6816727            0.0000000            0.0000000
           4.1091370            0.0000000            0.0000000
          -2.2600253            3.9144787            0.0000000
           0.0000000            0.0000000            6.7515920
0           -0.1369713            2.6096525            0.0000000
0            1.9860829            1.3048262            3.3757960
1           -0.1369713            2.6096525            2.5273982
1            1.9860829            1.3048262            5.9031942
