4
         -19.1795338
         -13.2207722          -52.2746841           -7.1483193           11.9905849            0.0000000            0.0000000
           4.1091370            0.0000000            0.0000000
          -2.1367512            3.7009617            0.0000000
           0.0000000            0.0000000            6.7515920
0           -0.0547885            2.4673078            0.0000000
0            2.0271743            1.2336539            3.3757960
1           -0.0547885            2.4673078            2.5273982
1            2.0271743            1.2336539            5.9031942
