4
         -19.2335172
          -7.1049948          -28.4688776           -3.8254829            6.3570453            0.0000000            0.0000000
           4.1091370            0.0000000            0.0000000
          -2.0956599            3.6297894            0.0000000
           0.0000000            0.0000000            6.7515920
0           -0.0273943            2.4198596            0.0000000
0            2.0408714            1.2099298            3.3757960
1           -0.0273943            2.4198596            2.5273982
1            2.0408714            1.2099298            5.9031942
