4
         -18.8087372
          42.5181487          173.9596526           23.4506019          -32.6063912            0.0000000            0.0000000
           4.1091370            0.0000000            0.0000000
          -1.8902030            3.2739277            0.0000000
           0.0000000            0.0000000            6.7515920
0            0.1095770            2.1826185            0.0000000
0            2.1093570            1.0913092            3.3757960
1            0.1095770            2.1826185            2.5273982
1            2.1093570            1.0913092            5.9031942
