4
         -14.0712936
         121.8576829          174.4861350          190.0434122          -14.3188525            0.0000000            0.0000000
           3.8047913            0.0000000            0.0000000
          -1.8435587            3.1931373            0.0000000
           0.0000000            0.0000000            6.0663950
0            0.0392246            2.1287582            0.0000000
0            1.9220080            1.0643791            3.0331975
1            0.0392246            2.1287582            2.2665461
1            1.9220080            1.0643791            5.2997436
