4
         -14.6219770
          32.1730921           44.7219384           47.7745970           -3.5715550            0.0000000            0.0000000
           3.8832406            0.0000000            0.0000000
          -1.9220080            3.3290155            0.0000000
           0.0000000            0.0000000            6.3245394
0            0.0130749            2.2193437            0.0000000
0            1.9481578            1.1096718            3.1622697
1            0.0130749            2.2193437            2.3629948
1            1.9481578            1.1096718            5.5252646
