4
         -14.3582497
         -62.1175050          -81.6642958          -85.0227664            5.8546226            0.0000000            0.0000000
           4.0401392            0.0000000            0.0000000
          -2.0789066            3.6007719            0.0000000
           0.0000000            0.0000000            6.8408283
0           -0.0392247            2.4005146            0.0000000
0            2.0004573            1.2002573            3.4204142
1           -0.0392247            2.4005146            2.5558924
1            2.0004573            1.2002573            5.9763066
