4
         -13.8212540
         -83.5310733         -107.3682265         -109.9214005            7.0595805            0.0000000            0.0000000
           4.1185886            0.0000000            0.0000000
          -2.1573559            3.7366500            0.0000000
           0.0000000            0.0000000            7.0989728
0           -0.0653744            2.4911000            0.0000000
0            2.0266071            1.2455500            3.5494864
1           -0.0653744            2.4911000            2.6523412
1            2.0266071            1.2455500            6.2018276
