4
         -14.1127584
         -74.3283879          -96.5147765          -99.8200143            6.6170347            0.0000000            0.0000000
           4.0793639            0.0000000            0.0000000
          -2.1181312            3.6687109            0.0000000
           0.0000000            0.0000000            6.9699006
0           -0.0522996            2.4458073            0.0000000
0            2.0135322            1.2229036            3.4849503
1           -0.0522996            2.4458073            2.6041168
1            2.0135322            1.2229036            6.0890671
