4
         -14.4603252
         -54.6201703          -72.3721278          -75.4947781            5.3022713            0.0000000            0.0000000
           4.0205269            0.0000000            0.0000000
          -2.0592943            3.5668023            0.0000000
           0.0000000            0.0000000            6.7762922
0           -0.0326872            2.3778682            0.0000000
0            1.9939199            1.1889341            3.3881461
1           -0.0326872            2.3778682            2.5317802
1            1.9939199            1.1889341            5.9199263
