4
         -14.6638348
         -25.7401480          -34.8150269          -36.6177805            2.6598721            0.0000000            0.0000000
           3.9616899            0.0000000            0.0000000
          -2.0004573            3.4648937            0.0000000
           0.0000000            0.0000000            6.5826839
0           -0.0130749            2.3099291            0.0000000
0            1.9743075            1.1549645            3.2913419
1           -0.0130749            2.3099291            2.4594436
1            1.9743075            1.1549645            5.7507856
