4
         -13.8287915
         150.9803302          217.7813571          238.2511240          -17.9486369            0.0000000            0.0000000
           3.7851790            0.0000000            0.0000000
          -1.8239464            3.1591678            0.0000000
           0.0000000            0.0000000            6.0018588
0            0.0457621            2.1061119            0.0000000
0            1.9154706            1.0530559            3.0009294
1            0.0457621            2.1061119            2.2424339
1            1.9154706            1.0530559            5.2433633
