4
         -12.7800582
         259.5713947          382.3164863          423.5790365          -31.4945340            0.0000000            0.0000000
           3.7263420            0.0000000            0.0000000
          -1.7651094            3.0572591            0.0000000
           0.0000000            0.0000000            5.8082505
0            0.0653744            2.0381728            0.0000000
0            1.8958582            1.0190864            2.9041252
1            0.0653744            2.0381728            2.1700973
1            1.8958582            1.0190864            5.0742226
