4
         -14.5464399
         -46.1000268          -61.5009092          -64.4133828            4.5709596            0.0000000            0.0000000
           4.0009146            0.0000000            0.0000000
          -2.0396819            3.5328328            0.0000000
           0.0000000            0.0000000            6.7117561
0           -0.0261498            2.3552219            0.0000000
0            1.9873824            1.1776109            3.3558781
1           -0.0261498            2.3552219            2.5076680
1            1.9873824            1.1776109            5.8635461
