4
         -14.6149029
         -36.5153188          -49.0880037          -51.4513836            3.6858815            0.0000000            0.0000000
           3.9813023            0.0000000            0.0000000
          -2.0200696            3.4988632            0.0000000
           0.0000000            0.0000000            6.6472200
0           -0.0196123            2.3325755            0.0000000
0            1.9808450            1.1662877            3.3236100
1           -0.0196123            2.3325755            2.4835558
1            1.9808450            1.1662877            5.8071658
