4
         -13.5362883
         183.4655309          266.4521998          292.6007504          -22.0011167            0.0000000            0.0000000
           3.7655667            0.0000000            0.0000000
          -1.8043340            3.1251982            0.0000000
           0.0000000            0.0000000            5.9373227
0            0.0522995            2.0834655            0.0000000
0            1.9089331            1.0417327            2.9686614
1            0.0522995            2.0834655            2.2183217
1            1.9089331            1.0417327            5.1869831
