4
         -14.6913694
         -13.5810800          -18.5484254          -19.5726080            1.4364784            0.0000000            0.0000000
           3.9420776            0.0000000            0.0000000
          -1.9808450            3.4309241            0.0000000
           0.0000000            0.0000000            6.5181478
0           -0.0065375            2.2872828            0.0000000
0            1.9677701            1.1436414            3.2590739
1           -0.0065375            2.2872828            2.4353314
1            1.9677701            1.1436414            5.6944053
