4
         -14.6728521
          15.2130919           20.9852863           22.3080029           -1.6568733            0.0000000            0.0000000
           3.9028530            0.0000000            0.0000000
          -1.9416203            3.3629850            0.0000000
           0.0000000            0.0000000            6.3890755
0            0.0065374            2.2419900            0.0000000
0            1.9546952            1.1209950            3.1945378
1            0.0065374            2.2419900            2.3871070
1            1.9546952            1.1209950            5.5816448
