4
         -13.9721198
         -79.2742537         -102.3934549         -105.3883940            6.8669316            0.0000000            0.0000000
           4.0989762            0.0000000            0.0000000
          -2.1377436            3.7026805            0.0000000
           0.0000000            0.0000000            7.0344367
0           -0.0588370            2.4684537            0.0000000
0            2.0200696            1.2342268            3.5172183
1           -0.0588370            2.4684537            2.6282290
1            2.0200696            1.2342268            6.1454473
