4
         -14.5396682
          51.0823258           71.4806471           76.7414902           -5.7408800            0.0000000            0.0000000
           3.8636283            0.0000000            0.0000000
          -1.9023957            3.2950459            0.0000000
           0.0000000            0.0000000            6.2600033
0            0.0196123            2.1966973            0.0000000
0            1.9416203            1.0983486            3.1300017
1            0.0196123            2.1966973            2.3388827
1            1.9416203            1.0983486            5.4688843
