4
         -14.4229707
          72.1852034          101.8053752          109.8114582           -8.2440304            0.0000000            0.0000000
           3.8440160            0.0000000            0.0000000
          -1.8827833            3.2610764            0.0000000
           0.0000000            0.0000000            6.1954672
0            0.0261497            2.1740509            0.0000000
0            1.9350829            1.0870255            3.0977336
1            0.0261497            2.1740509            2.3147705
1            1.9350829            1.0870255            5.4125040
