4
         -17.0105103
         127.3538117          188.7916630          203.8948264          -16.4092806            0.0000000            0.0000000
           4.0918742            0.0000000            0.0000000
          -1.9717321            3.4151402            0.0000000
           0.0000000            0.0000000            6.4846142
0            0.0494700            2.2767601            0.0000000
0            2.0706721            1.1383801            3.2423071
1            0.0494700            2.2767601            2.4266860
1            2.0706721            1.1383801            5.6689931
