4
         -16.6911969
         154.9171428          230.9738185          250.5665007          -20.0003121            0.0000000            0.0000000
           4.0706728            0.0000000            0.0000000
          -1.9505307            3.3784183            0.0000000
           0.0000000            0.0000000            6.4148871
0            0.0565371            2.2522789            0.0000000
0            2.0636050            1.1261394            3.2074436
1            0.0565371            2.2522789            2.4005926
1            2.0636050            1.1261394            5.6080362
