4
         -17.9572209
         -11.1910218          -15.8362963          -16.6601460            1.3529539            0.0000000            0.0000000
           4.2614855            0.0000000            0.0000000
          -2.1413435            3.7089157            0.0000000
           0.0000000            0.0000000            7.0424304
0           -0.0070672            2.4726105            0.0000000
0            2.1272092            1.2363052            3.5212152
1           -0.0070672            2.4726105            2.6354332
1            2.1272092            1.2363052            6.1566484
