4
         -17.8778664
         -29.8307847          -41.8020576          -43.4989139            3.5480820            0.0000000            0.0000000
           4.3038884            0.0000000            0.0000000
          -2.1837463            3.7823596            0.0000000
           0.0000000            0.0000000            7.1818845
0           -0.0212014            2.5215731            0.0000000
0            2.1413435            1.2607865            3.5909422
1           -0.0212014            2.5215731            2.6876200
1            2.1413435            1.2607865            6.2785622
