4
         -17.9289875
         -21.0800451          -29.7086113          -31.0647151            2.5360620            0.0000000            0.0000000
           4.2826870            0.0000000            0.0000000
          -2.1625449            3.7456376            0.0000000
           0.0000000            0.0000000            7.1121575
0           -0.0141343            2.4970918            0.0000000
0            2.1342764            1.2485459            3.5560787
1           -0.0141343            2.4970918            2.6615266
1            2.1342764            1.2485459            6.2176053
