4
         -17.2751356
         102.5842489          151.2545860          162.7714983          -13.1488035            0.0000000            0.0000000
           4.1130756            0.0000000            0.0000000
          -1.9929335            3.4518621            0.0000000
           0.0000000            0.0000000            6.5543412
0            0.0424028            2.3012414            0.0000000
0            2.0777392            1.1506207            3.2771706
1            0.0424028            2.3012414            2.4527794
1            2.0777392            1.1506207            5.7299500
