4
         -15.8673177
         219.8030306          331.3205309          362.1880685          -28.4086598            0.0000000            0.0000000
           4.0282699            0.0000000            0.0000000
          -1.9081279            3.3049744            0.0000000
           0.0000000            0.0000000            6.2754331
0            0.0706714            2.2033163            0.0000000
0            2.0494707            1.1016581            3.1377165
1            0.0706714            2.2033163            2.3484058
1            2.0494707            1.1016581            5.4861223
