4
         -17.2051139
         -63.6896360          -86.2796864          -87.8695625            6.9470768            0.0000000            0.0000000
           4.4310969            0.0000000            0.0000000
          -2.3109548            4.0026912            0.0000000
           0.0000000            0.0000000            7.6002467
0           -0.0636043            2.6684608            0.0000000
0            2.1837463            1.3342304            3.8001233
1           -0.0636043            2.6684608            2.8441804
1            2.1837463            1.3342304            6.6443037
