4
         -17.8783532
          26.8583484           38.7158374           41.0818492           -3.3533397            0.0000000            0.0000000
           4.1978813            0.0000000            0.0000000
          -2.0777392            3.5987499            0.0000000
           0.0000000            0.0000000            6.8332493
0            0.0141343            2.3991666            0.0000000
0            2.1060078            1.1995833            3.4166247
1            0.0141343            2.3991666            2.5571530
1            2.1060078            1.1995833            5.9737776
