4
         -16.3120175
         185.6057614          278.2885848          303.0350759          -23.9895002            0.0000000            0.0000000
           4.0494713            0.0000000            0.0000000
          -1.9293293            3.3416963            0.0000000
           0.0000000            0.0000000            6.3451601
0            0.0636042            2.2277976            0.0000000
0            2.0565378            1.1138988            3.1725800
1            0.0636042            2.2277976            2.3744992
1            2.0565378            1.1138988            5.5470792
