4
         -17.0477993
         -66.9891144          -90.1550946          -91.5933760            7.1823528            0.0000000            0.0000000
           4.4522983            0.0000000            0.0000000
          -2.3321563            4.0394131            0.0000000
           0.0000000            0.0000000            7.6699737
0           -0.0706714            2.6929421            0.0000000
0            2.1908135            1.3464710            3.8349869
1           -0.0706714            2.6929421            2.8702738
1            2.1908135            1.3464710            6.7052606
