4
         -17.6594218
          60.5405088           88.2586252           94.3105015           -7.7020472            0.0000000            0.0000000
           4.1554784            0.0000000            0.0000000
          -2.0353364            3.5253060            0.0000000
           0.0000000            0.0000000            6.6937953
0            0.0282685            2.3502040            0.0000000
0            2.0918735            1.1751020            3.3468976
1            0.0282685            2.3502040            2.5049662
1            2.0918735            1.1751020            5.8518638
