4
         -17.9347928
          12.6598852           18.1342204           19.2159688           -1.5629884            0.0000000            0.0000000
           4.2190827            0.0000000            0.0000000
          -2.0989406            3.6354718            0.0000000
           0.0000000            0.0000000            6.9029764
0            0.0070671            2.4236479            0.0000000
0            2.1130749            1.2118239            3.4514882
1            0.0070671            2.4236479            2.5832464
1            2.1130749            1.2118239            6.0347346
