4
         -17.6088024
         -50.2659245          -69.2693486          -71.3051772            5.7342475            0.0000000            0.0000000
           4.3674926            0.0000000            0.0000000
          -2.2473506            3.8925254            0.0000000
           0.0000000            0.0000000            7.3910656
0           -0.0424029            2.5950169            0.0000000
0            2.1625449            1.2975085            3.6955328
1           -0.0424029            2.5950169            2.7659002
1            2.1625449            1.2975085            6.4614330
