4
         -17.4899643
          80.3938584          117.8712233          126.3993251          -10.2419390            0.0000000            0.0000000
           4.1342770            0.0000000            0.0000000
          -2.0141350            3.4885841            0.0000000
           0.0000000            0.0000000            6.6240682
0            0.0353357            2.3257227            0.0000000
0            2.0848064            1.1628613            3.3120341
1            0.0353357            2.3257227            2.4788728
1            2.0848064            1.1628613            5.7909069
