4
         -17.7158037
         -44.3357608          -61.4473698          -63.5363463            5.1347463            0.0000000            0.0000000
           4.3462912            0.0000000            0.0000000
          -2.2261492            3.8558035            0.0000000
           0.0000000            0.0000000            7.3213386
0           -0.0353357            2.5705357            0.0000000
0            2.1554778            1.2852678            3.6606693
1           -0.0353357            2.5705357            2.7398068
1            2.1554778            1.2852678            6.4004760
