4
         -17.7876922
          42.7450252           61.9884908           65.9691991           -5.3948014            0.0000000            0.0000000
           4.1766799            0.0000000            0.0000000
          -2.0565378            3.5620280            0.0000000
           0.0000000            0.0000000            6.7635223
0            0.0212014            2.3746853            0.0000000
0            2.0989407            1.1873426            3.3817611
1            0.0212014            2.3746853            2.5310596
1            2.0989407            1.1873426            5.9128207
