4
         -19.0009283
          22.6852915          106.5804960           11.0049250          -22.6152864            0.0000000            0.0000000
           3.9462213            0.0000000            0.0000000
          -1.8744551            3.2466515            0.0000000
           0.0000000            0.0000000            6.5097472
0            0.0657703            2.1644343            0.0000000
0            2.0059958            1.0822172            3.2548736
1            0.0657703            2.1644343            2.4335061
1            2.0059958            1.0822172            5.6883797
