4
         -18.7833075
         -24.5823623         -110.4634858          -12.6849708           27.7186052            0.0000000            0.0000000
           3.9462213            0.0000000            0.0000000
          -2.1704217            3.7592807            0.0000000
           0.0000000            0.0000000            6.5097472
0           -0.1315407            2.5061871            0.0000000
0            1.9073403            1.2530935            3.2548736
1           -0.1315407            2.5061871            2.4335061
1            1.9073403            1.2530935            5.6883797
