4
         -19.1491915
          -6.7554812          -31.5303744           -3.2426604            7.3073851            0.0000000            0.0000000
           3.9462213            0.0000000            0.0000000
          -2.0125729            3.4858784            0.0000000
           0.0000000            0.0000000            6.5097472
0           -0.0263082            2.3239190            0.0000000
0            1.9599566            1.1619595            3.2548736
1           -0.0263082            2.3239190            2.4335061
1            1.9599566            1.1619595            5.6883797
