4
         -18.5879992
          49.1096225          228.7744301           24.4456473          -45.7443725            0.0000000            0.0000000
           3.9462213            0.0000000            0.0000000
          -1.7955307            3.1099504            0.0000000
           0.0000000            0.0000000            6.5097472
0            0.1183866            2.0733003            0.0000000
0            2.0323040            1.0366501            3.2548736
1            0.1183866            2.0733003            2.4335061
1            2.0323040            1.0366501            5.6883797
