4
         -18.9248900
          28.4926972          133.7108998           13.9107634          -27.9798925            0.0000000            0.0000000
           3.9462213            0.0000000            0.0000000
          -1.8547240            3.2124762            0.0000000
           0.0000000            0.0000000            6.5097472
0            0.0789244            2.1416508            0.0000000
0            2.0125729            1.0708254            3.2548736
1            0.0789244            2.1416508            2.4335061
1            2.0125729            1.0708254            5.6883797
