4
         -18.9652430
         -19.3628224          -88.1520164           -9.5417901           21.5801280            0.0000000            0.0000000
           3.9462213            0.0000000            0.0000000
          -2.1112284            3.6567549            0.0000000
           0.0000000            0.0000000            6.5097472
0           -0.0920785            2.4378366            0.0000000
0            1.9270714            1.2189183            3.2548736
1           -0.0920785            2.4378366            2.4335061
1            1.9270714            1.2189183            5.6883797
