4
         -19.1064093
          12.4945735           58.5479174            5.9924448          -12.7912859            0.0000000            0.0000000
           3.9462213            0.0000000            0.0000000
          -1.9139173            3.3150021            0.0000000
           0.0000000            0.0000000            6.5097472
0            0.0394622            2.2100014            0.0000000
0            1.9928418            1.1050007            3.2548736
1            0.0394622            2.2100014            2.4335061
1            1.9928418            1.1050007            5.6883797
