4
         -18.9094143
         -21.2716690          -96.4335025          -10.6349748           23.8118564            0.0000000            0.0000000
           3.9462213            0.0000000            0.0000000
          -2.1309595            3.6909301            0.0000000
           0.0000000            0.0000000            6.5097472
0           -0.1052326            2.4606201            0.0000000
0            1.9204944            1.2303100            3.2548736
1           -0.1052326            2.4606201            2.4335061
1            1.9204944            1.2303100            5.6883797
