4
         -19.1381896
           7.9928412           37.3986741            3.8148054           -8.2793323            0.0000000            0.0000000
           3.9462213            0.0000000            0.0000000
          -1.9336484            3.3491773            0.0000000
           0.0000000            0.0000000            6.5097472
0            0.0263081            2.2327849            0.0000000
0            1.9862647            1.1163924            3.2548736
1            0.0263081            2.2327849            2.4335061
1            1.9862647            1.1163924            5.6883797
