4
         -18.8486064
         -22.9998482         -103.8408347          -11.6671613           25.8557758            0.0000000            0.0000000
           3.9462213            0.0000000            0.0000000
          -2.1506906            3.7251054            0.0000000
           0.0000000            0.0000000            6.5097472
0           -0.1183867            2.4834036            0.0000000
0            1.9139174            1.2417018            3.2548736
1           -0.1183867            2.4834036            2.4335061
1            1.9139174            1.2417018            5.6883797
