4
         -19.0972843
         -12.4920282          -57.7342276           -6.0507208           13.6768077            0.0000000            0.0000000
           3.9462213            0.0000000            0.0000000
          -2.0520351            3.5542290            0.0000000
           0.0000000            0.0000000            6.5097472
0           -0.0526163            2.3694860            0.0000000
0            1.9468025            1.1847430            3.2548736
1           -0.0526163            2.3694860            2.4335061
1            1.9468025            1.1847430            5.6883797
