4
         -18.8315819
          34.7961995          162.9834122           17.0796285          -33.5996052            0.0000000            0.0000000
           3.9462213            0.0000000            0.0000000
          -1.8349929            3.1783009            0.0000000
           0.0000000            0.0000000            6.5097472
0            0.0920785            2.1188673            0.0000000
0            2.0191499            1.0594336            3.2548736
1            0.0920785            2.1188673            2.4335061
1            2.0191499            1.0594336            5.6883797
