4
         -18.4347654
          57.1921164          265.6110823           28.6933471          -52.2551883            0.0000000            0.0000000
           3.9462213            0.0000000            0.0000000
          -1.7757996            3.0757751            0.0000000
           0.0000000            0.0000000            6.5097472
0            0.1315407            2.0505167            0.0000000
0            2.0388810            1.0252584            3.2548736
1            0.1315407            2.0505167            2.4335061
1            2.0388810            1.0252584            5.6883797
