4
         -19.1620232
          -3.5103719          -16.4622036           -1.6886569            3.7682544            0.0000000            0.0000000
           3.9462213            0.0000000            0.0000000
          -1.9928418            3.4517032            0.0000000
           0.0000000            0.0000000            6.5097472
0           -0.0131541            2.3011355            0.0000000
0            1.9665336            1.1505677            3.2548736
1           -0.0131541            2.3011355            2.4335061
1            1.9665336            1.1505677            5.6883797
