4
         -19.0155523
         -17.2989020          -79.0982400           -8.5047737           19.1468474            0.0000000            0.0000000
           3.9462213            0.0000000            0.0000000
          -2.0914973            3.6225796            0.0000000
           0.0000000            0.0000000            6.5097472
0           -0.0789244            2.4150531            0.0000000
0            1.9336485            1.2075265            3.2548736
1           -0.0789244            2.4150531            2.4335061
1            1.9336485            1.2075265            5.6883797
