4
         -19.1273381
          -9.7501037          -45.2830427           -4.6955727           10.6076515            0.0000000            0.0000000
           3.9462213            0.0000000            0.0000000
          -2.0323040            3.5200537            0.0000000
           0.0000000            0.0000000            6.5097472
0           -0.0394622            2.3467025            0.0000000
0            1.9533796            1.1733512            3.2548736
1           -0.0394622            2.3467025            2.4335061
1            1.9533796            1.1733512            5.6883797
