4
         -19.0597771
         -15.0150661          -68.9840789           -7.3261465           16.5189373            0.0000000            0.0000000
           3.9462213            0.0000000            0.0000000
          -2.0717662            3.5884043            0.0000000
           0.0000000            0.0000000            6.5097472
0           -0.0657704            2.3922695            0.0000000
0            1.9402255            1.1961348            3.2548736
1           -0.0657704            2.3922695            2.4335061
1            1.9402255            1.1961348            5.6883797
