4
         -19.0610277
          17.3784999           81.5611263            8.3863353          -17.5722684            0.0000000            0.0000000
           3.9462213            0.0000000            0.0000000
          -1.8941862            3.2808268            0.0000000
           0.0000000            0.0000000            6.5097472
0            0.0526163            2.1872179            0.0000000
0            1.9994188            1.0936089            3.2548736
1            0.0526163            2.1872179            2.4335061
1            1.9994188            1.0936089            5.6883797
