4
         -22.0204189
         399.6643206          270.7549493          440.6579629           40.1786553            0.0000000            0.0000000
           3.4576196            0.0000000            0.0000000
          -1.8143004            3.1424605            0.0000000
           0.0000000            0.0000000            5.7205326
0           -0.0569937            2.0949736            0.0000000
0            1.7003129            1.0474868            2.8602663
0           -0.0569937            2.0949736            2.1386712
0            1.7003129            1.0474868            4.9989375
