4
         -23.5443195
         -85.0718563          -56.7325245          -88.9243999           -8.0045365            0.0000000            0.0000000
           3.9515652            0.0000000            0.0000000
          -1.9377868            3.3563452            0.0000000
           0.0000000            0.0000000            6.5377516
0            0.0253305            2.2375635            0.0000000
0            1.9884479            1.1187817            3.2688758
0            0.0253305            2.2375635            2.4441957
0            1.9884479            1.1187817            5.7130715
