4
         -23.6341998
         -67.6090364          -44.9860708          -70.9191131           -6.4154554            0.0000000            0.0000000
           3.9135694            0.0000000            0.0000000
          -1.9282879            3.3398925            0.0000000
           0.0000000            0.0000000            6.4748886
0            0.0189979            2.2265950            0.0000000
0            1.9662837            1.1132975            3.2374443
0            0.0189979            2.2265950            2.4206938
0            1.9662837            1.1132975            5.6581381
