4
         -22.6063965
        -150.1011616         -101.6841840         -153.6758942          -13.4599263            0.0000000            0.0000000
           4.1795402            0.0000000            0.0000000
          -1.9947805            3.4550612            0.0000000
           0.0000000            0.0000000            6.9149295
0            0.0633263            2.3033742            0.0000000
0            2.1214333            1.1516871            3.4574648
0            0.0633263            2.3033742            2.5852070
0            2.1214333            1.1516871            6.0426718
