4
         -23.7385955
         -25.2998153          -16.7700744          -26.7235322           -2.4465586            0.0000000            0.0000000
           3.8375778            0.0000000            0.0000000
          -1.9092899            3.3069872            0.0000000
           0.0000000            0.0000000            6.3491626
0            0.0063326            2.2046581            0.0000000
0            1.9219552            1.1023290            3.1745813
0            0.0063326            2.2046581            2.3736900
0            1.9219552            1.1023290            5.5482713
