4
         -23.4323091
        -100.3562910          -67.0747683         -104.5324252           -9.3624234            0.0000000            0.0000000
           3.9895611            0.0000000            0.0000000
          -1.9472858            3.3727979            0.0000000
           0.0000000            0.0000000            6.6006146
0            0.0316632            2.2485319            0.0000000
0            2.0106121            1.1242659            3.3003073
0            0.0316632            2.2485319            2.4676976
0            2.0106121            1.1242659            5.7680049
