4
         -23.5742125
          95.4161060           63.2140498          102.3180490            9.3795134            0.0000000            0.0000000
           3.6855945            0.0000000            0.0000000
          -1.8712941            3.2411765            0.0000000
           0.0000000            0.0000000            6.0977106
0           -0.0189979            2.1607843            0.0000000
0            1.8332983            1.0803922            3.0488553
0           -0.0189979            2.1607843            2.2796825
0            1.8332983            1.0803922            5.3285378
