4
         -23.2587269
         177.7906411          118.5165104          192.1954978           17.1725392            0.0000000            0.0000000
           3.6096029            0.0000000            0.0000000
          -1.8522962            3.2082711            0.0000000
           0.0000000            0.0000000            5.9719846
0           -0.0316632            2.1388474            0.0000000
0            1.7889699            1.0694237            2.9859923
0           -0.0316632            2.1388474            2.2326788
0            1.7889699            1.0694237            5.2186711
