4
         -22.8011639
        -143.1991631          -96.7192022         -147.1000888          -12.9399500            0.0000000            0.0000000
           4.1415443            0.0000000            0.0000000
          -1.9852816            3.4386086            0.0000000
           0.0000000            0.0000000            6.8520665
0            0.0569937            2.2924057            0.0000000
0            2.0992691            1.1462028            3.4260333
0            0.0569937            2.2924057            2.5617051
0            2.0992691            1.1462028            5.9877384
