4
         -23.6689931
          60.1800479           39.7081197           64.2798589            5.9994375            0.0000000            0.0000000
           3.7235903            0.0000000            0.0000000
          -1.8807931            3.2576292            0.0000000
           0.0000000            0.0000000            6.1605736
0           -0.0126653            2.1717528            0.0000000
0            1.8554625            1.0858764            3.0802868
0           -0.0126653            2.1717528            2.3031844
0            1.8554625            1.0858764            5.3834712
