4
         -21.5607071
         469.0164707          319.1103771          519.3791041           46.8104618            0.0000000            0.0000000
           3.4196238            0.0000000            0.0000000
          -1.8048014            3.1260078            0.0000000
           0.0000000            0.0000000            5.6576696
0           -0.0633264            2.0840052            0.0000000
0            1.6781487            1.0420026            2.8288348
0           -0.0633264            2.0840052            2.1151694
0            1.6781487            1.0420026            4.9440042
