4
         -23.7260211
          28.4013516           18.7653163           30.2216640            2.8002054            0.0000000            0.0000000
           3.7615861            0.0000000            0.0000000
          -1.8902920            3.2740818            0.0000000
           0.0000000            0.0000000            6.2234366
0           -0.0063327            2.1827212            0.0000000
0            1.8776268            1.0913606            3.1117183
0           -0.0063327            2.1827212            2.3266863
0            1.8776268            1.0913606            5.4384046
