4
         -22.9828100
        -134.9171927          -90.8661740         -139.0630582          -12.2859500            0.0000000            0.0000000
           4.1035485            0.0000000            0.0000000
          -1.9757826            3.4221559            0.0000000
           0.0000000            0.0000000            6.7892035
0            0.0506611            2.2814373            0.0000000
0            2.0771048            1.1407186            3.3946018
0            0.0506611            2.2814373            2.5382032
0            2.0771048            1.1407186            5.9328050
