4
         -23.3000861
        -113.6534058          -76.1453785         -117.9589694          -10.5153754            0.0000000            0.0000000
           4.0275569            0.0000000            0.0000000
          -1.9567847            3.3892505            0.0000000
           0.0000000            0.0000000            6.6634776
0            0.0379958            2.2595004            0.0000000
0            2.0327764            1.1297502            3.3317388
0            0.0379958            2.2595004            2.4911995
0            2.0327764            1.1297502            5.8229382
