4
         -23.1496671
        -125.1186286          -84.0387519         -129.4062982          -11.4852361            0.0000000            0.0000000
           4.0655527            0.0000000            0.0000000
          -1.9662837            3.4057032            0.0000000
           0.0000000            0.0000000            6.7263406
0            0.0443284            2.2704688            0.0000000
0            2.0549406            1.1352344            3.3631703
0            0.0443284            2.2704688            2.5147013
0            2.0549406            1.1352344            5.8778716
