4
         -23.6997264
         -47.7565612          -31.7131533          -50.2782247           -4.5750027            0.0000000            0.0000000
           3.8755736            0.0000000            0.0000000
          -1.9187889            3.3234399            0.0000000
           0.0000000            0.0000000            6.4120256
0            0.0126653            2.2156266            0.0000000
0            1.9441195            1.1078133            3.2060128
0            0.0126653            2.2156266            2.3971919
0            1.9441195            1.1078133            5.6032047
