4
         -22.4157741
         336.0770058          226.6587098          368.8079025           33.6055856            0.0000000            0.0000000
           3.4956154            0.0000000            0.0000000
          -1.8237993            3.1589131            0.0000000
           0.0000000            0.0000000            5.7833956
0           -0.0506611            2.1059421            0.0000000
0            1.7224772            1.0529710            2.8916978
0           -0.0506611            2.1059421            2.1621731
0            1.7224772            1.0529710            5.0538709
