4
         -22.7512147
         278.2644828          186.6599360          303.6865932           27.3933445            0.0000000            0.0000000
           3.5336112            0.0000000            0.0000000
          -1.8332983            3.1753658            0.0000000
           0.0000000            0.0000000            5.8462586
0           -0.0443285            2.1169105            0.0000000
0            1.7446414            1.0584553            2.9231293
0           -0.0443285            2.1169105            2.1856750
0            1.7446414            1.0584553            5.1088043
