4
         -17.9033734
         -11.5486471          -45.0710393           -6.0183776           10.3866900            0.0000000            0.0000000
           4.2402841            0.0000000            0.0000000
          -2.2049477            3.8190815            0.0000000
           0.0000000            0.0000000            6.9727034
0           -0.0565371            2.5460544            0.0000000
0            2.0918735            1.2730272            3.4863517
1           -0.0565371            2.5460544            2.6093398
1            2.0918735            1.2730272            6.0956915
