4
         -17.5091739
          37.6146459          154.0901315           20.6808031          -28.5945755            0.0000000            0.0000000
           4.2402841            0.0000000            0.0000000
          -1.9505307            3.3784183            0.0000000
           0.0000000            0.0000000            6.9727034
0            0.1130742            2.2522789            0.0000000
0            2.1766792            1.1261394            3.4863517
1            0.1130742            2.2522789            2.6093398
1            2.1766792            1.1261394            6.0956915
