4
         -17.3788281
          44.2319972          181.1962168           24.5037240          -32.8823595            0.0000000            0.0000000
           4.2402841            0.0000000            0.0000000
          -1.9293293            3.3416963            0.0000000
           0.0000000            0.0000000            6.9727034
0            0.1272085            2.2277976            0.0000000
0            2.1837463            1.1138988            3.4863517
1            0.1272085            2.2277976            2.6093398
1            2.1837463            1.1138988            6.0956915
