4
         -17.8964231
          11.4545893           46.3784155            6.1003768           -9.5113355            0.0000000            0.0000000
           4.2402841            0.0000000            0.0000000
          -2.0565378            3.5620280            0.0000000
           0.0000000            0.0000000            6.9727034
0            0.0424028            2.3746853            0.0000000
0            2.1413435            1.1873426            3.4863517
1            0.0424028            2.3746853            2.6093398
1            2.1413435            1.1873426            6.0956915
