4
         -17.9302599
          -8.9916221          -35.3244471           -4.6551643            8.0337699            0.0000000            0.0000000
           4.2402841            0.0000000            0.0000000
          -2.1837463            3.7823596            0.0000000
           0.0000000            0.0000000            6.9727034
0           -0.0424029            2.5215731            0.0000000
0            2.0989407            1.2607865            3.4863517
1           -0.0424029            2.5215731            2.6093398
1            2.0989407            1.2607865            6.0956915
