4
         -17.2277590
          51.4135362          210.4475790           28.7184188          -37.2835009            0.0000000            0.0000000
           4.2402841            0.0000000            0.0000000
          -1.9081279            3.3049744            0.0000000
           0.0000000            0.0000000            6.9727034
0            0.1413428            2.2033163            0.0000000
0            2.1908135            1.1016581            3.4863517
1            0.1413428            2.2033163            2.6093398
1            2.1908135            1.1016581            6.0956915
