4
         -17.7820510
         -18.0833122          -69.0855725           -9.5792983           16.4927339            0.0000000            0.0000000
           4.2402841            0.0000000            0.0000000
          -2.2685520            3.9292473            0.0000000
           0.0000000            0.0000000            6.9727034
0           -0.0989400            2.6194982            0.0000000
0            2.0706721            1.3097491            3.4863517
1           -0.0989400            2.6194982            2.6093398
1            2.0706721            1.3097491            6.0956915
