4
         -17.9593903
          -3.2264534          -12.8738351           -1.6540400            2.8362758            0.0000000            0.0000000
           4.2402841            0.0000000            0.0000000
          -2.1413435            3.7089157            0.0000000
           0.0000000            0.0000000            6.9727034
0           -0.0141343            2.4726105            0.0000000
0            2.1130749            1.2363052            3.4863517
1           -0.0141343            2.4726105            2.6093398
1            2.1130749            1.2363052            6.0956915
