4
         -17.6200497
          31.5000149          128.9503093           17.1830530          -24.4629925            0.0000000            0.0000000
           4.2402841            0.0000000            0.0000000
          -1.9717321            3.4151402            0.0000000
           0.0000000            0.0000000            6.9727034
0            0.0989399            2.2767601            0.0000000
0            2.1696121            1.1383801            3.4863517
1            0.0989399            2.2767601            2.6093398
1            2.1696121            1.1383801            6.0956915
