4
         -17.8286938
         -16.0792801          -61.8854904           -8.4574583           14.6113157            0.0000000            0.0000000
           4.2402841            0.0000000            0.0000000
          -2.2473506            3.8925254            0.0000000
           0.0000000            0.0000000            6.9727034
0           -0.0848057            2.5950169            0.0000000
0            2.0777392            1.2975085            3.4863517
1           -0.0848057            2.5950169            2.6093398
1            2.0777392            1.2975085            6.0956915
