4
         -17.7891761
          20.6871707           84.3061373           11.1145202          -16.6624209            0.0000000            0.0000000
           4.2402841            0.0000000            0.0000000
          -2.0141350            3.4885841            0.0000000
           0.0000000            0.0000000            6.9727034
0            0.0706714            2.3257227            0.0000000
0            2.1554778            1.1628613            3.4863517
1            0.0706714            2.3257227            2.6093398
1            2.1554778            1.1628613            6.0956915
