4
         -17.8693249
         -13.9045981          -53.8935681           -7.2746899           12.5725835            0.0000000            0.0000000
           4.2402841            0.0000000            0.0000000
          -2.2261492            3.8558035            0.0000000
           0.0000000            0.0000000            6.9727034
0           -0.0706714            2.5705357            0.0000000
0            2.0848064            1.2852678            3.4863517
1           -0.0706714            2.5705357            2.6093398
1            2.0848064            1.2852678            6.0956915
