4
         -17.7300212
         -19.9511071          -75.5596578          -10.6466394           18.2386540            0.0000000            0.0000000
           4.2402841            0.0000000            0.0000000
          -2.2897534            3.9659693            0.0000000
           0.0000000            0.0000000            6.9727034
0           -0.1130743            2.6439795            0.0000000
0            2.0636050            1.3219897            3.4863517
1           -0.1130743            2.6439795            2.6093398
1            2.0636050            1.3219897            6.0956915
