4
         -17.6731812
         -21.6815939          -81.2916315          -11.6535054           19.8540146            0.0000000            0.0000000
           4.2402841            0.0000000            0.0000000
          -2.3109548            4.0026912            0.0000000
           0.0000000            0.0000000            6.9727034
0           -0.1272085            2.6684608            0.0000000
0            2.0565378            1.3342304            3.4863517
1           -0.1272085            2.6684608            2.6093398
1            2.0565378            1.3342304            6.0956915
