4
         -17.9491794
          -6.2250204          -24.6186299           -3.2142202            5.5248830            0.0000000            0.0000000
           4.2402841            0.0000000            0.0000000
          -2.1625449            3.7456376            0.0000000
           0.0000000            0.0000000            6.9727034
0           -0.0282686            2.4970918            0.0000000
0            2.1060078            1.2485459            3.4863517
1           -0.0282686            2.4970918            2.6093398
1            2.1060078            1.2485459            6.0956915
