4
         -17.9296221
           7.3401905           29.5953456            3.8819423           -6.1715914            0.0000000            0.0000000
           4.2402841            0.0000000            0.0000000
          -2.0777392            3.5987499            0.0000000
           0.0000000            0.0000000            6.9727034
0            0.0282685            2.3991666            0.0000000
0            2.1342764            1.1995833            3.4863517
1            0.0282685            2.3991666            2.6093398
1            2.1342764            1.1995833            6.0956915
