4
         -17.8499748
          15.9053871           64.5972392            8.5139586          -13.0155372            0.0000000            0.0000000
           4.2402841            0.0000000            0.0000000
          -2.0353364            3.5253060            0.0000000
           0.0000000            0.0000000            6.9727034
0            0.0565371            2.3502040            0.0000000
0            2.1484106            1.1751020            3.4863517
1            0.0565371            2.3502040            2.6093398
1            2.1484106            1.1751020            6.0956915
