4
         -17.6120427
         -23.2842116          -86.3469318          -12.6038089           21.3306247            0.0000000            0.0000000
           4.2402841            0.0000000            0.0000000
          -2.3321563            4.0394131            0.0000000
           0.0000000            0.0000000            6.9727034
0           -0.1413428            2.6929421            0.0000000
0            2.0494707            1.3464710            3.4863517
1           -0.1413428            2.6929421            2.6093398
1            2.0494707            1.3464710            6.0956915
