4
         -13.4780475
          99.7205553          269.1115117          315.6663848          -39.8325537            0.0000000            0.0000000
           3.9224653            0.0000000            0.0000000
          -1.7847217            3.0912287            0.0000000
           0.0000000            0.0000000            5.8727866
0            0.1176739            2.0608191            0.0000000
0            2.0200696            1.0304095            2.9363933
1            0.1176739            2.0608191            2.1942095
1            2.0200696            1.0304095            5.1306028
