4
         -14.2267554
         -37.9688946          -90.6591073          -97.2738153           16.5799546            0.0000000            0.0000000
           3.9224653            0.0000000            0.0000000
          -2.1181312            3.6687109            0.0000000
           0.0000000            0.0000000            6.9699006
0           -0.1045991            2.4458073            0.0000000
0            1.9089331            1.2229036            3.4849503
1           -0.1045991            2.4458073            2.6041168
1            1.9089331            1.2229036            6.0890671
