4
         -13.9954375
          69.4098027          185.3041793          214.9621023          -28.8414468            0.0000000            0.0000000
           3.9224653            0.0000000            0.0000000
          -1.8239464            3.1591678            0.0000000
           0.0000000            0.0000000            6.0018588
0            0.0915242            2.1061119            0.0000000
0            2.0069948            1.0530559            3.0009294
1            0.0915242            2.1061119            2.2424339
1            2.0069948            1.0530559            5.2433633
