4
         -14.6920531
          -6.5709793          -16.6458394          -18.4387399            2.9563555            0.0000000            0.0000000
           3.9224653            0.0000000            0.0000000
          -1.9808450            3.4309241            0.0000000
           0.0000000            0.0000000            6.5181478
0           -0.0130749            2.2872828            0.0000000
0            1.9546952            1.1436414            3.2590739
1           -0.0130749            2.2872828            2.4353314
1            1.9546952            1.1436414            5.6944053
