4
         -14.6362461
          15.2635956           39.3824908           44.2760338           -6.7392018            0.0000000            0.0000000
           3.9224653            0.0000000            0.0000000
          -1.9220080            3.3290155            0.0000000
           0.0000000            0.0000000            6.3245394
0            0.0261497            2.2193437            0.0000000
0            1.9743075            1.1096718            3.1622697
1            0.0261497            2.2193437            2.3629948
1            1.9743075            1.1096718            5.5252646
