4
         -14.5751990
         -22.8052047          -56.3062787          -61.5858105           10.1622026            0.0000000            0.0000000
           3.9224653            0.0000000            0.0000000
          -2.0396819            3.5328328            0.0000000
           0.0000000            0.0000000            6.7117561
0           -0.0522996            2.3552219            0.0000000
0            1.9350829            1.1776109            3.3558781
1           -0.0522996            2.3552219            2.5076680
1            1.9350829            1.1776109            5.8635461
