4
         -14.5697820
          24.0680319           62.4849781           70.7459831          -10.5528544            0.0000000            0.0000000
           3.9224653            0.0000000            0.0000000
          -1.9023957            3.2950459            0.0000000
           0.0000000            0.0000000            6.2600033
0            0.0392246            2.1966973            0.0000000
0            1.9808450            1.0983486            3.1300017
1            0.0392246            2.1966973            2.3388827
1            1.9808450            1.0983486            5.4688843
