4
         -14.5058549
         -27.2161104          -66.6454418          -72.4821445           12.1243021            0.0000000            0.0000000
           3.9224653            0.0000000            0.0000000
          -2.0592943            3.5668023            0.0000000
           0.0000000            0.0000000            6.7762922
0           -0.0653744            2.3778682            0.0000000
0            1.9285454            1.1889341            3.3881461
1           -0.0653744            2.3778682            2.5317802
1            1.9285454            1.1889341            5.9199263
