4
         -14.6772522
           7.2702575           18.6078340           20.7811272           -3.2242657            0.0000000            0.0000000
           3.9224653            0.0000000            0.0000000
          -1.9416203            3.3629850            0.0000000
           0.0000000            0.0000000            6.3890755
0            0.0130749            2.2419900            0.0000000
0            1.9677701            1.1209950            3.1945378
1            0.0130749            2.2419900            2.3871070
1            1.9677701            1.1209950            5.5816448
