4
         -13.9930804
         -43.3404197         -102.2562289         -108.1785227           18.5646985            0.0000000            0.0000000
           3.9224653            0.0000000            0.0000000
          -2.1573559            3.7366500            0.0000000
           0.0000000            0.0000000            7.0989728
0           -0.1307489            2.4911000            0.0000000
0            1.8958582            1.2455500            3.5494864
1           -0.1307489            2.4911000            2.6523412
1            1.8958582            1.2455500            6.2018276
