4
         -13.1484265
         117.3551828          318.0435124          375.1719136          -45.7341536            0.0000000            0.0000000
           3.9224653            0.0000000            0.0000000
          -1.7651094            3.0572591            0.0000000
           0.0000000            0.0000000            5.8082505
0            0.1307488            2.0381728            0.0000000
0            2.0266071            1.0190864            2.9041252
1            0.1307488            2.0381728            2.1700973
1            2.0266071            1.0190864            5.0742226
