4
         -14.1914398
          56.3276155          149.5007711          172.4465427          -23.7764216            0.0000000            0.0000000
           3.9224653            0.0000000            0.0000000
          -1.8435587            3.1931373            0.0000000
           0.0000000            0.0000000            6.0663950
0            0.0784493            2.1287582            0.0000000
0            2.0004573            1.0643791            3.0331975
1            0.0784493            2.1287582            2.2665461
1            2.0004573            1.0643791            5.2997436
