4
         -14.6303670
         -17.9395255          -44.6416136          -48.9713912            8.0077873            0.0000000            0.0000000
           3.9224653            0.0000000            0.0000000
          -2.0200696            3.4988632            0.0000000
           0.0000000            0.0000000            6.6472200
0           -0.0392247            2.3325755            0.0000000
0            1.9416203            1.1662877            3.3236100
1           -0.0392247            2.3325755            2.4835558
1            1.9416203            1.1662877            5.8071658
