4
         -14.1139571
         -40.8155974          -96.8517126         -103.2063385           17.6658256            0.0000000            0.0000000
           3.9224653            0.0000000            0.0000000
          -2.1377436            3.7026805            0.0000000
           0.0000000            0.0000000            7.0344367
0           -0.1176740            2.4684537            0.0000000
0            1.9023957            1.2342268            3.5172183
1           -0.1176740            2.4684537            2.6282290
1            1.9023957            1.2342268            6.1454473
