4
         -14.6698365
         -12.5668382          -31.4828555          -34.6851253            5.6132268            0.0000000            0.0000000
           3.9224653            0.0000000            0.0000000
          -2.0004573            3.4648937            0.0000000
           0.0000000            0.0000000            6.5826839
0           -0.0261498            2.3099291            0.0000000
0            1.9481578            1.1549645            3.2913419
1           -0.0261498            2.3099291            2.4594436
1            1.9481578            1.1549645            5.7507856
