4
         -14.4755985
          33.7139800           88.4206857          100.7075424          -14.6240405            0.0000000            0.0000000
           3.9224653            0.0000000            0.0000000
          -1.8827833            3.2610764            0.0000000
           0.0000000            0.0000000            6.1954672
0            0.0522995            2.1740509            0.0000000
0            1.9873824            1.0870255            3.0977336
1            0.0522995            2.1740509            2.3147705
1            1.9873824            1.0870255            5.4125040
