4
         -13.7589966
          83.7612543          224.9977759          262.3640611          -34.2099384            0.0000000            0.0000000
           3.9224653            0.0000000            0.0000000
          -1.8043340            3.1251982            0.0000000
           0.0000000            0.0000000            5.9373227
0            0.1045991            2.0834655            0.0000000
0            2.0135322            1.0417327            2.9686614
1            0.1045991            2.0834655            2.2183217
1            2.0135322            1.0417327            5.1869831
