4
         -14.4238199
         -31.1892396          -75.6861888          -82.0272491           13.8227070            0.0000000            0.0000000
           3.9224653            0.0000000            0.0000000
          -2.0789066            3.6007719            0.0000000
           0.0000000            0.0000000            6.8408283
0           -0.0784493            2.4005146            0.0000000
0            1.9220080            1.2002573            3.4204142
1           -0.0784493            2.4005146            2.5558924
1            1.9220080            1.2002573            5.9763066
