4
         -14.3504215
          44.4565569          117.2956517          134.4912103          -19.0350996            0.0000000            0.0000000
           3.9224653            0.0000000            0.0000000
          -1.8631710            3.2271069            0.0000000
           0.0000000            0.0000000            6.1309311
0            0.0653744            2.1514046            0.0000000
0            1.9939199            1.0757023            3.0654655
1            0.0653744            2.1514046            2.2906583
1            1.9939199            1.0757023            5.3561238
