4
         -18.8027866
         124.1458646           38.1644207          143.1155938           26.7499479            0.0000000            0.0000000
           3.7489102            0.0000000            0.0000000
          -1.9731106            3.4175279            0.0000000
           0.0000000            0.0000000            6.1842599
0           -0.0657704            2.2783519            0.0000000
0            1.8415700            1.1391760            3.0921299
1           -0.0657704            2.2783519            2.3118308
1            1.8415700            1.1391760            5.4039607
