4
         -18.6320102
         157.4867934           49.2251914          183.0216459           34.2219227            0.0000000            0.0000000
           3.7094480            0.0000000            0.0000000
          -1.9731106            3.4175279            0.0000000
           0.0000000            0.0000000            6.1191624
0           -0.0789244            2.2783519            0.0000000
0            1.8152618            1.1391760            3.0595812
1           -0.0789244            2.2783519            2.2874957
1            1.8152618            1.1391760            5.3470769
