4
         -18.3603118
        -110.4817777          -29.6168259         -115.0806852          -21.3163161            0.0000000            0.0000000
           4.3408434            0.0000000            0.0000000
          -1.9731106            3.4175279            0.0000000
           0.0000000            0.0000000            7.1607220
0            0.1315407            2.2783519            0.0000000
0            2.2361921            1.1391760            3.5803610
1            0.1315407            2.2783519            2.6768567
1            2.2361921            1.1391760            6.2572176
