4
         -18.9367544
          93.9171813           28.4261885          107.5174982           20.0282373            0.0000000            0.0000000
           3.7883724            0.0000000            0.0000000
          -1.9731106            3.4175279            0.0000000
           0.0000000            0.0000000            6.2493573
0           -0.0526163            2.2783519            0.0000000
0            1.8678781            1.1391760            3.1246787
1           -0.0526163            2.2783519            2.3361658
1            1.8678781            1.1391760            5.4608445
