4
         -18.8457184
         -81.9852934          -22.2922243          -87.6720144          -16.1656566            0.0000000            0.0000000
           4.1829946            0.0000000            0.0000000
          -1.9731106            3.4175279            0.0000000
           0.0000000            0.0000000            6.9003321
0            0.0789244            2.2783519            0.0000000
0            2.1309595            1.1391760            3.4501660
1            0.0789244            2.2783519            2.5795164
1            2.1309595            1.1391760            6.0296825
