4
         -19.0830392
         -48.3031597          -13.4656556          -52.5184193           -9.7240105            0.0000000            0.0000000
           4.0646079            0.0000000            0.0000000
          -1.9731106            3.4175279            0.0000000
           0.0000000            0.0000000            6.7050396
0            0.0394622            2.2783519            0.0000000
0            2.0520351            1.1391760            3.3525198
1            0.0394622            2.2783519            2.5065112
1            2.0520351            1.1391760            5.8590311
