4
         -19.1068719
          42.1057982           12.3757780           47.5547644            8.7986021            0.0000000            0.0000000
           3.8672969            0.0000000            0.0000000
          -1.9731106            3.4175279            0.0000000
           0.0000000            0.0000000            6.3795523
0           -0.0263082            2.2783519            0.0000000
0            1.9204944            1.1391760            3.1897761
1           -0.0263082            2.2783519            2.3848359
1            1.9204944            1.1391760            5.5746121
