4
         -17.8642641
         277.9070753           92.8249946          331.8022526           62.0904170            0.0000000            0.0000000
           3.5910614            0.0000000            0.0000000
          -1.9731106            3.4175279            0.0000000
           0.0000000            0.0000000            5.9238700
0           -0.1183867            2.2783519            0.0000000
0            1.7363374            1.1391760            2.9619350
1           -0.1183867            2.2783519            2.2144905
1            1.7363374            1.1391760            5.1764255
