4
         -18.1661955
         234.4562913           76.1639174          277.2731996           51.9777817            0.0000000            0.0000000
           3.6305236            0.0000000            0.0000000
          -1.9731106            3.4175279            0.0000000
           0.0000000            0.0000000            5.9889674
0           -0.1052326            2.2783519            0.0000000
0            1.7626455            1.1391760            2.9944837
1           -0.1052326            2.2783519            2.2388256
1            1.7626455            1.1391760            5.2333093
