4
         -19.0371423
          66.6490202           19.8813709           75.8093850           14.0621770            0.0000000            0.0000000
           3.8278347            0.0000000            0.0000000
          -1.9731106            3.4175279            0.0000000
           0.0000000            0.0000000            6.3144548
0           -0.0394622            2.2783519            0.0000000
0            1.8941862            1.1391760            3.1572274
1           -0.0394622            2.2783519            2.3605009
1            1.8941862            1.1391760            5.5177283
