4
         -18.7397854
         -90.6601003          -24.5109247          -96.2855778          -17.7796326            0.0000000            0.0000000
           4.2224568            0.0000000            0.0000000
          -1.9731106            3.4175279            0.0000000
           0.0000000            0.0000000            6.9654295
0            0.0920785            2.2783519            0.0000000
0            2.1572677            1.1391760            3.4827148
1            0.0920785            2.2783519            2.6038515
1            2.1572677            1.1391760            6.0865663
