4
         -18.9392779
         -72.1231439          -19.7379674          -77.5888732          -14.3006419            0.0000000            0.0000000
           4.1435324            0.0000000            0.0000000
          -1.9731106            3.4175279            0.0000000
           0.0000000            0.0000000            6.8352346
0            0.0657703            2.2783519            0.0000000
0            2.1046514            1.1391760            3.4176173
1            0.0657703            2.2783519            2.5551814
1            2.1046514            1.1391760            5.9727987
