4
         -17.5110886
         325.7838888          111.6886152          392.9778807           73.4835829            0.0000000            0.0000000
           3.5515992            0.0000000            0.0000000
          -1.9731106            3.4175279            0.0000000
           0.0000000            0.0000000            5.8587725
0           -0.1315407            2.2783519            0.0000000
0            1.7100292            1.1391760            2.9293863
1           -0.1315407            2.2783519            2.1901555
1            1.7100292            1.1391760            5.1195417
