4
         -18.4958682
        -104.8395986          -28.1263899         -109.8338732          -20.3363927            0.0000000            0.0000000
           4.3013812            0.0000000            0.0000000
          -1.9731106            3.4175279            0.0000000
           0.0000000            0.0000000            7.0956245
0            0.1183866            2.2783519            0.0000000
0            2.2098839            1.1391760            3.5478122
1            0.1183866            2.2783519            2.6525216
1            2.2098839            1.1391760            6.2003338
