4
         -18.4210315
         194.2172220           61.7910581          227.6457366           42.6536458            0.0000000            0.0000000
           3.6699858            0.0000000            0.0000000
          -1.9731106            3.4175279            0.0000000
           0.0000000            0.0000000            6.0540649
0           -0.0920785            2.2783519            0.0000000
0            1.7889537            1.1391760            3.0270325
1           -0.0920785            2.2783519            2.2631606
1            1.7889537            1.1391760            5.2901931
