4
         -19.1581418
         -17.9426309           -5.0921435          -19.8339162           -3.6804169            0.0000000            0.0000000
           3.9856835            0.0000000            0.0000000
          -1.9731106            3.4175279            0.0000000
           0.0000000            0.0000000            6.5748447
0            0.0131541            2.2783519            0.0000000
0            1.9994188            1.1391760            3.2874223
1            0.0131541            2.2783519            2.4578411
1            1.9994188            1.1391760            5.7452635
