4
         -19.0188948
         -60.9356701          -16.8032550          -65.8955032          -12.1539257            0.0000000            0.0000000
           4.1040702            0.0000000            0.0000000
          -1.9731106            3.4175279            0.0000000
           0.0000000            0.0000000            6.7701371
0            0.0526163            2.2783519            0.0000000
0            2.0783432            1.1391760            3.3850686
1            0.0526163            2.2783519            2.5308463
1            2.0783432            1.1391760            5.9159149
