4
         -18.6227677
         -98.2676982          -26.4449651         -103.6351188          -19.1666634            0.0000000            0.0000000
           4.2619190            0.0000000            0.0000000
          -1.9731106            3.4175279            0.0000000
           0.0000000            0.0000000            7.0305270
0            0.1052325            2.2783519            0.0000000
0            2.1835758            1.1391760            3.5152635
1            0.1052325            2.2783519            2.6281865
1            2.1835758            1.1391760            6.1434501
