4
         -17.8067148
         -54.1884227          -54.1884227          -35.5780926            0.0000000           -0.0000000            0.0000000
           4.4098955            0.0000000            0.0000000
          -2.2049477            3.8190815            0.0000000
           0.0000000            0.0000000            7.1121575
0           -0.0000000            2.5460544            0.0000000
0            2.2049478            1.2730272            3.5560787
1           -0.0000000            2.5460544            2.6615266
1            2.2049478            1.2730272            6.2176053
