4
         -17.7169873
         -63.4139871          -63.4139871          -42.1217205            0.0000000            0.0000000            0.0000000
           4.4522983            0.0000000            0.0000000
          -2.2261492            3.8558035            0.0000000
           0.0000000            0.0000000            7.1470210
0           -0.0000000            2.5705357            0.0000000
0            2.2261492            1.2852678            3.5735105
1           -0.0000000            2.5705357            2.6745733
1            2.2261492            1.2852678            6.2480838
