4
         -17.9348402
          19.0699624           19.0699624           11.8317214            0.0000000            0.0000000            0.0000000
           4.1978813            0.0000000            0.0000000
          -2.0989406            3.6354718            0.0000000
           0.0000000            0.0000000            6.9378399
0           -0.0000000            2.4236479            0.0000000
0            2.0989407            1.2118239            3.4689199
1           -0.0000000            2.4236479            2.5962931
1            2.0989407            1.2118239            6.0652130
