4
         -17.7878900
          65.4857542           65.4857542           39.6754097            0.0000000            0.0000000            0.0000000
           4.1130756            0.0000000            0.0000000
          -2.0565378            3.5620280            0.0000000
           0.0000000            0.0000000            6.8681128
0           -0.0000000            2.3746853            0.0000000
0            2.0565378            1.1873426            3.4340564
1           -0.0000000            2.3746853            2.5701997
1            2.0565378            1.1873426            6.0042561
