4
         -17.0101621
         201.6667478          201.6667478          117.2255547            0.0000000           -0.0000000            0.0000000
           3.9434642            0.0000000            0.0000000
          -1.9717321            3.4151402            0.0000000
           0.0000000            0.0000000            6.7286588
0           -0.0000000            2.2767601            0.0000000
0            1.9717321            1.1383801            3.3643294
1           -0.0000000            2.2767601            2.5180129
1            1.9717321            1.1383801            5.8823423
