4
         -17.6104502
         -71.3421678          -71.3421678          -47.9212863            0.0000000            0.0000000            0.0000000
           4.4947012            0.0000000            0.0000000
          -2.2473506            3.8925254            0.0000000
           0.0000000            0.0000000            7.1818845
0           -0.0000000            2.5950169            0.0000000
0            2.2473506            1.2975085            3.5909422
1           -0.0000000            2.5950169            2.6876200
1            2.2473506            1.2975085            6.2785622
