4
         -17.4902611
         125.2091868          125.2091868           74.3445909            0.0000000            0.0000000            0.0000000
           4.0282699            0.0000000            0.0000000
          -2.0141350            3.4885841            0.0000000
           0.0000000            0.0000000            6.7983858
0           -0.0000000            2.3257227            0.0000000
0            2.0141350            1.1628613            3.3991929
1           -0.0000000            2.3257227            2.5441063
1            2.0141350            1.1628613            5.9432992
