4
         -17.3546787
         -83.5134780          -83.5134780          -57.4616239            0.0000000           -0.0000000            0.0000000
           4.5795068            0.0000000            0.0000000
          -2.2897534            3.9659693            0.0000000
           0.0000000            0.0000000            7.2516115
0           -0.0000000            2.6439795            0.0000000
0            2.2897534            1.3219897            3.6258058
1           -0.0000000            2.6439795            2.7137134
1            2.2897534            1.3219897            6.3395191
