4
         -17.8781938
         -43.3919842          -43.3919842          -28.1909472            0.0000000           -0.0000000            0.0000000
           4.3674926            0.0000000            0.0000000
          -2.1837463            3.7823596            0.0000000
           0.0000000            0.0000000            7.0772939
0           -0.0000000            2.5215731            0.0000000
0            2.1837463            1.2607865            3.5386470
1           -0.0000000            2.5215731            2.6484799
1            2.1837463            1.2607865            6.1871268
