4
         -17.8784966
          40.8067555           40.8067555           25.0203412            0.0000000            0.0000000            0.0000000
           4.1554784            0.0000000            0.0000000
          -2.0777392            3.5987499            0.0000000
           0.0000000            0.0000000            6.9029764
0           -0.0000000            2.3991666            0.0000000
0            2.0777392            1.1995833            3.4514882
1           -0.0000000            2.3991666            2.5832464
1            2.0777392            1.1995833            6.0347346
