4
         -17.2752155
         161.1483723          161.1483723           94.6660068            0.0000000            0.0000000            0.0000000
           3.9858671            0.0000000            0.0000000
          -1.9929335            3.4518621            0.0000000
           0.0000000            0.0000000            6.7635223
0           -0.0000000            2.3012414            0.0000000
0            1.9929336            1.1506207            3.3817611
1           -0.0000000            2.3012414            2.5310596
1            1.9929336            1.1506207            5.9128207
