4
         -16.6903836
         247.4001595          247.4001595          142.2990569            0.0000000            0.0000000           -0.0000000
           3.9010614            0.0000000            0.0000000
          -1.9505307            3.3784183            0.0000000
           0.0000000            0.0000000            6.6937953
0           -0.0000000            2.2522789            0.0000000
0            1.9505307            1.1261394            3.3468976
1           -0.0000000            2.2522789            2.5049662
1            1.9505307            1.1261394            5.8518638
