4
         -15.8644133
         356.8239856          356.8239856          201.1379508            0.0000000           -0.0000000            0.0000000
           3.8162557            0.0000000            0.0000000
          -1.9081279            3.3049744            0.0000000
           0.0000000            0.0000000            6.6240682
0           -0.0000000            2.2033163            0.0000000
0            1.9081279            1.1016581            3.3120341
1           -0.0000000            2.2033163            2.4788728
1            1.9081279            1.1016581            5.7909069
