4
         -17.9572144
         -16.5779677          -16.5779677          -10.5269873            0.0000000            0.0000000            0.0000000
           4.2826870            0.0000000            0.0000000
          -2.1413435            3.7089157            0.0000000
           0.0000000            0.0000000            7.0075669
0           -0.0000000            2.4726105            0.0000000
0            2.1413435            1.2363052            3.5037835
1           -0.0000000            2.4726105            2.6223865
1            2.1413435            1.2363052            6.1261699
