4
         -17.0522370
         -91.7660918          -91.7660918          -64.6501906            0.0000000            0.0000000            0.0000000
           4.6643125            0.0000000            0.0000000
          -2.3321563            4.0394131            0.0000000
           0.0000000            0.0000000            7.3213386
0           -0.0000000            2.6929421            0.0000000
0            2.3321563            1.3464710            3.6606693
1           -0.0000000            2.6929421            2.7398068
1            2.3321563            1.3464710            6.4004760
