4
         -19.1582507
         -19.6783984          -19.6783984           -3.2865583            0.0000000            0.0000000            0.0000000
           3.9856835            0.0000000            0.0000000
          -1.9928418            3.4517032            0.0000000
           0.0000000            0.0000000            6.5097472
0           -0.0000000            2.3011355            0.0000000
0            1.9928418            1.1505677            3.2548736
1           -0.0000000            2.3011355            2.4335061
1            1.9928418            1.1505677            5.6883797
