4
         -18.6366181
         178.8989043          178.8989043           32.5782563            0.0000000            0.0000000           -0.0000000
           3.7094480            0.0000000            0.0000000
          -1.8547240            3.2124762            0.0000000
           0.0000000            0.0000000            6.5097472
0           -0.0000000            2.1416508            0.0000000
0            1.8547240            1.0708254            3.2548736
1           -0.0000000            2.1416508            2.4335061
1            1.8547240            1.0708254            5.6883797
