4
         -18.5090280
        -110.6927053         -110.6927053          -17.6614782            0.0000000            0.0000000            0.0000000
           4.3013812            0.0000000            0.0000000
          -2.1506906            3.7251054            0.0000000
           0.0000000            0.0000000            6.5097472
0           -0.0000000            2.4834036            0.0000000
0            2.1506906            1.2417018            3.2548736
1           -0.0000000            2.4834036            2.4335061
1            2.1506906            1.2417018            5.6883797
