4
         -17.8726963
         322.2327922          322.2327922           61.5480618           -0.0000000            0.0000000           -0.0000000
           3.5910614            0.0000000            0.0000000
          -1.7955307            3.1099504            0.0000000
           0.0000000            0.0000000            6.5097472
0           -0.0000000            2.0733003            0.0000000
0            1.7955307            1.0366501            3.2548736
1           -0.0000000            2.0733003            2.4335061
1            1.7955307            1.0366501            5.6883797
