4
         -18.9390485
         105.5270148          105.5270148           18.6470744            0.0000000            0.0000000           -0.0000000
           3.7883724            0.0000000            0.0000000
          -1.8941862            3.2808268            0.0000000
           0.0000000            0.0000000            6.5097472
0           -0.0000000            2.1872179            0.0000000
0            1.8941862            1.0936089            3.2548736
1           -0.0000000            2.1872179            2.4335061
1            1.8941862            1.0936089            5.6883797
