4
         -19.0843116
         -52.5615486          -52.5615486           -8.6019827            0.0000000            0.0000000           -0.0000000
           4.0646079            0.0000000            0.0000000
          -2.0323040            3.5200537            0.0000000
           0.0000000            0.0000000            6.5097472
0           -0.0000000            2.3467025            0.0000000
0            2.0323040            1.1733512            3.2548736
1           -0.0000000            2.3467025            2.4335061
1            2.0323040            1.1733512            5.6883797
