4
         -19.0209864
         -65.9892543          -65.9892543          -10.6942204            0.0000000            0.0000000            0.0000000
           4.1040702            0.0000000            0.0000000
          -2.0520351            3.5542290            0.0000000
           0.0000000            0.0000000            6.5097472
0           -0.0000000            2.3694860            0.0000000
0            2.0520351            1.1847430            3.2548736
1           -0.0000000            2.3694860            2.4335061
1            2.0520351            1.1847430            5.6883797
