4
         -19.1489313
          22.1198806           22.1198806            3.7491645            0.0000000            0.0000000            0.0000000
           3.9067591            0.0000000            0.0000000
          -1.9533795            3.3833526            0.0000000
           0.0000000            0.0000000            6.5097472
0           -0.0000000            2.2555684            0.0000000
0            1.9533796            1.1277842            3.2548736
1           -0.0000000            2.2555684            2.4335061
1            1.9533796            1.1277842            5.6883797
