4
         -18.8509425
         -87.7579125          -87.7579125          -13.9931144            0.0000000           -0.0000000            0.0000000
           4.1829946            0.0000000            0.0000000
          -2.0914973            3.6225796            0.0000000
           0.0000000            0.0000000            6.5097472
0           -0.0000000            2.4150531            0.0000000
0            2.0914973            1.2075265            3.2548736
1           -0.0000000            2.4150531            2.4335061
1            2.0914973            1.2075265            5.6883797
