4
         -19.1306693
         -37.1542100          -37.1542100           -6.1447767            0.0000000            0.0000000            0.0000000
           4.0251457            0.0000000            0.0000000
          -2.0125729            3.4858784            0.0000000
           0.0000000            0.0000000            6.5097472
0           -0.0000000            2.3239190            0.0000000
0            2.0125729            1.1619595            3.2548736
1           -0.0000000            2.3239190            2.4335061
1            2.0125729            1.1619595            5.6883797
