4
         -18.8061837
         140.2330079          140.2330079           25.1096729            0.0000000            0.0000000           -0.0000000
           3.7489102            0.0000000            0.0000000
          -1.8744551            3.2466515            0.0000000
           0.0000000            0.0000000            6.5097472
0           -0.0000000            2.1644343            0.0000000
0            1.8744551            1.0822172            3.2548736
1           -0.0000000            2.1644343            2.4335061
1            1.8744551            1.0822172            5.6883797
