4
         -18.6329541
        -104.0516892         -104.0516892          -16.6543391            0.0000000            0.0000000            0.0000000
           4.2619190            0.0000000            0.0000000
          -2.1309595            3.6909301            0.0000000
           0.0000000            0.0000000            6.5097472
0           -0.0000000            2.4606201            0.0000000
0            2.1309595            1.2303100            3.2548736
1           -0.0000000            2.4606201            2.4335061
1            2.1309595            1.2303100            5.6883797
