4
         -18.9427195
         -77.6386846          -77.6386846          -12.4214694            0.0000000            0.0000000            0.0000000
           4.1435324            0.0000000            0.0000000
          -2.0717662            3.5884043            0.0000000
           0.0000000            0.0000000            6.5097472
0           -0.0000000            2.3922695            0.0000000
0            2.0717662            1.1961348            3.2548736
1           -0.0000000            2.3922695            2.4335061
1            2.0717662            1.1961348            5.6883797
