4
         -19.0384768
          74.4954438           74.4954438           13.0027825            0.0000000           -0.0000000            0.0000000
           3.8278347            0.0000000            0.0000000
          -1.9139173            3.3150021            0.0000000
           0.0000000            0.0000000            6.5097472
0           -0.0000000            2.2100014            0.0000000
0            1.9139173            1.1050007            3.2548736
1           -0.0000000            2.2100014            2.4335061
1            1.9139173            1.1050007            5.6883797
