4
         -18.1736777
         269.4187413          269.4187413           50.6031325            0.0000000           -0.0000000           -0.0000000
           3.6305236            0.0000000            0.0000000
          -1.8152618            3.1441257            0.0000000
           0.0000000            0.0000000            6.5097472
0           -0.0000000            2.0960838            0.0000000
0            1.8152618            1.0480419            3.2548736
1           -0.0000000            2.0960838            2.4335061
1            1.8152618            1.0480419            5.6883797
