4
         -18.3766462
        -116.1744269         -116.1744269          -18.5724475            0.0000000           -0.0000000            0.0000000
           4.3408434            0.0000000            0.0000000
          -2.1704217            3.7592807            0.0000000
           0.0000000            0.0000000            6.5097472
0           -0.0000000            2.5061871            0.0000000
0            2.1704217            1.2530935            3.2548736
1           -0.0000000            2.5061871            2.4335061
1            2.1704217            1.2530935            5.6883797
