4
         -14.3248313
         117.4583200          117.4583200          119.9119869            0.0000000            0.0000000           -0.0000000
           3.7655667            0.0000000            0.0000000
          -1.8827833            3.2610764            0.0000000
           0.0000000            0.0000000            6.1954672
0           -0.0000000            2.1740509            0.0000000
0            1.8827834            1.0870255            3.0977336
1           -0.0000000            2.1740509            2.3147705
1            1.8827834            1.0870255            5.4125040
