4
         -14.2361853
         -85.3382517          -85.3382517          -87.1104130            0.0000000            0.0000000            0.0000000
           4.1578132            0.0000000            0.0000000
          -2.0789066            3.6007719            0.0000000
           0.0000000            0.0000000            6.8408283
0           -0.0000000            2.4005146            0.0000000
0            2.0789066            1.2002573            3.4204142
1           -0.0000000            2.4005146            2.5558924
1            2.0789066            1.2002573            5.9763066
