4
         -12.5866632
         391.3063116          391.3063116          400.9719660            0.0000000           -0.0000000            0.0000000
           3.5694434            0.0000000            0.0000000
          -1.7847217            3.0912287            0.0000000
           0.0000000            0.0000000            5.8727866
0           -0.0000000            2.0608191            0.0000000
0            1.7847217            1.0304095            2.9363933
1           -0.0000000            2.0608191            2.1942095
1            1.7847217            1.0304095            5.1306028
