4
         -14.5976043
          50.5393302           50.5393302           51.4821725            0.0000000           -0.0000000            0.0000000
           3.8440160            0.0000000            0.0000000
          -1.9220080            3.3290155            0.0000000
           0.0000000            0.0000000            6.3245394
0           -0.0000000            2.2193437            0.0000000
0            1.9220080            1.1096718            3.1622697
1           -0.0000000            2.2193437            2.3629948
1            1.9220080            1.1096718            5.5252646
