4
         -14.4893156
         -65.5334018          -65.5334018          -66.7923529            0.0000000            0.0000000            0.0000000
           4.0793639            0.0000000            0.0000000
          -2.0396819            3.5328328            0.0000000
           0.0000000            0.0000000            6.7117561
0           -0.0000000            2.3552219            0.0000000
0            2.0396820            1.1776109            3.3558781
1           -0.0000000            2.3552219            2.5076680
1            2.0396820            1.1776109            5.8635461
