4
         -14.0812719
         -92.8211317          -92.8211317          -94.8126313            0.0000000            0.0000000           -0.0000000
           4.1970379            0.0000000            0.0000000
          -2.0985189            3.6347414            0.0000000
           0.0000000            0.0000000            6.9053645
0           -0.0000000            2.4231609            0.0000000
0            2.0985189            1.2115805            3.4526822
1           -0.0000000            2.4231609            2.5800046
1            2.0985189            1.2115805            6.0326868
