4
         -14.6884578
         -20.3726074          -20.3726074          -20.6820533            0.0000000           -0.0000000            0.0000000
           3.9616899            0.0000000            0.0000000
          -1.9808450            3.4309241            0.0000000
           0.0000000            0.0000000            6.5181478
0           -0.0000000            2.2872828            0.0000000
0            1.9808450            1.1436414            3.2590739
1           -0.0000000            2.2872828            2.4353314
1            1.9808450            1.1436414            5.6944053
