4
         -14.3728837
         -76.4045283          -76.4045283          -77.8830669            0.0000000            0.0000000            0.0000000
           4.1185886            0.0000000            0.0000000
          -2.0592943            3.5668023            0.0000000
           0.0000000            0.0000000            6.7762922
0           -0.0000000            2.3778682            0.0000000
0            2.0592943            1.1889341            3.3881461
1           -0.0000000            2.3778682            2.5317802
1            2.0592943            1.1889341            5.9199263
