4
         -13.5274176
        -108.2859215         -108.2859215         -110.1886735            0.0000000            0.0000000            0.0000000
           4.3147118            0.0000000            0.0000000
          -2.1573559            3.7366500            0.0000000
           0.0000000            0.0000000            7.0989728
0           -0.0000000            2.4911000            0.0000000
0            2.1573559            1.2455500            3.5494864
1           -0.0000000            2.4911000            2.6523412
1            2.1573559            1.2455500            6.2018276
