4
         -13.4948101
         259.6073114          259.6073114          265.6774524            0.0000000           -0.0000000            0.0000000
           3.6478927            0.0000000            0.0000000
          -1.8239464            3.1591678            0.0000000
           0.0000000            0.0000000            6.0018588
0           -0.0000000            2.1061119            0.0000000
0            1.8239464            1.0530559            3.0009294
1           -0.0000000            2.1061119            2.2424339
1            1.8239464            1.0530559            5.2433633
