4
         -13.7252069
        -104.1568956         -104.1568956         -106.2084797            0.0000000           -0.0000000            0.0000000
           4.2754872            0.0000000            0.0000000
          -2.1377436            3.7026805            0.0000000
           0.0000000            0.0000000            7.0344367
0           -0.0000000            2.4684537            0.0000000
0            2.1377436            1.2342268            3.5172183
1           -0.0000000            2.4684537            2.6282290
1            2.1377436            1.2342268            6.1454473
