4
         -13.0812985
         321.1746565          321.1746565          328.7961440            0.0000000           -0.0000000            0.0000000
           3.6086681            0.0000000            0.0000000
          -1.8043340            3.1251982            0.0000000
           0.0000000            0.0000000            5.9373227
0           -0.0000000            2.0834655            0.0000000
0            1.8043340            1.0417327            2.9686614
1           -0.0000000            2.0834655            2.2183217
1            1.8043340            1.0417327            5.1869831
