4
         -14.6660595
          23.4695165           23.4695165           23.8900787            0.0000000           -0.0000000            0.0000000
           3.8832406            0.0000000            0.0000000
          -1.9416203            3.3629850            0.0000000
           0.0000000            0.0000000            6.3890755
0           -0.0000000            2.2419900            0.0000000
0            1.9416203            1.1209950            3.1945378
1           -0.0000000            2.2419900            2.3871070
1            1.9416203            1.1209950            5.5816448
