4
         -13.9103793
         -99.0290927          -99.0290927         -101.1395555            0.0000000            0.0000000            0.0000000
           4.2362625            0.0000000            0.0000000
          -2.1181312            3.6687109            0.0000000
           0.0000000            0.0000000            6.9699006
0           -0.0000000            2.4458073            0.0000000
0            2.1181313            1.2229036            3.4849503
1           -0.0000000            2.4458073            2.6041168
1            2.1181313            1.2229036            6.0890671
