4
         -13.8354044
         205.7814012          205.7814012          210.3818516            0.0000000           -0.0000000           -0.0000000
           3.6871174            0.0000000            0.0000000
          -1.8435587            3.1931373            0.0000000
           0.0000000            0.0000000            6.0663950
0           -0.0000000            2.1287582            0.0000000
0            1.8435587            1.0643791            3.0331975
1           -0.0000000            2.1287582            2.2665461
1            1.8435587            1.0643791            5.2997436
