4
         -12.0027522
         471.3107226          471.3107226          483.1415170            0.0000000           -0.0000000            0.0000000
           3.5302187            0.0000000            0.0000000
          -1.7651094            3.0572591            0.0000000
           0.0000000            0.0000000            5.8082505
0           -0.0000000            2.0381728            0.0000000
0            1.7651094            1.0190864            2.9041252
1           -0.0000000            2.0381728            2.1700973
1            1.7651094            1.0190864            5.0742226
