4
         -14.1099590
         158.6523752          158.6523752          162.0570403            0.0000000            0.0000000            0.0000000
           3.7263420            0.0000000            0.0000000
          -1.8631710            3.2271069            0.0000000
           0.0000000            0.0000000            6.1309311
0           -0.0000000            2.1514046            0.0000000
0            1.8631710            1.0757023            3.0654655
1           -0.0000000            2.1514046            2.2906583
1            1.8631710            1.0757023            5.3561238
