4
         -23.6425739
          66.5738019           66.5738019           67.5632256           -0.0000000            0.0000000            0.0000000
           3.7235903            0.0000000            0.0000000
          -1.8617952            3.2247238            0.0000000
           0.0000000            0.0000000            6.1605736
0           -0.0000000            2.1498159            0.0000000
0            1.8617952            1.0749079            3.0802868
0           -0.0000000            2.1498159            2.3031844
0            1.8617952            1.0749079            5.3834712
