4
         -22.9543222
        -125.7315881         -125.7315881         -127.0248923            0.0000000            0.0000000            0.0000000
           4.0655527            0.0000000            0.0000000
          -2.0327763            3.5208719            0.0000000
           0.0000000            0.0000000            6.7263406
0           -0.0000000            2.3472480            0.0000000
0            2.0327764            1.1736240            3.3631703
0           -0.0000000            2.3472480            2.5147013
0            2.0327764            1.1736240            5.8778716
