4
         -23.3253236
        -103.0017370         -103.0017370         -104.2167317            0.0000000           -0.0000000            0.0000000
           3.9895611            0.0000000            0.0000000
          -1.9947805            3.4550612            0.0000000
           0.0000000            0.0000000            6.6006146
0           -0.0000000            2.3033742            0.0000000
0            1.9947805            1.1516871            3.3003073
0           -0.0000000            2.3033742            2.4676976
0            1.9947805            1.1516871            5.7680049
