4
         -21.3459210
         483.0985569          483.0985569          489.6090642            0.0000000           -0.0000000            0.0000000
           3.4576196            0.0000000            0.0000000
          -1.7288098            2.9943864            0.0000000
           0.0000000            0.0000000            5.7205326
0           -0.0000000            1.9962576            0.0000000
0            1.7288098            0.9981288            2.8602663
0           -0.0000000            1.9962576            2.1386712
0            1.7288098            0.9981288            4.9989375
