4
         -23.5935800
         -70.8804682          -70.8804682          -71.8011631            0.0000000            0.0000000            0.0000000
           3.9135694            0.0000000            0.0000000
          -1.9567847            3.3892505            0.0000000
           0.0000000            0.0000000            6.4748886
0           -0.0000000            2.2595004            0.0000000
0            1.9567847            1.1297502            3.2374443
0           -0.0000000            2.2595004            2.4206938
0            1.9567847            1.1297502            5.6581381
