4
         -23.3283524
         152.7588289          152.7588289          155.0169892            0.0000000            0.0000000            0.0000000
           3.6475987            0.0000000            0.0000000
          -1.8237993            3.1589131            0.0000000
           0.0000000            0.0000000            6.0348476
0           -0.0000000            2.1059421            0.0000000
0            1.8237994            1.0529710            3.0174238
0           -0.0000000            2.1059421            2.2561806
0            1.8237994            1.0529710            5.2736044
