4
         -23.0803022
         204.4870111          204.4870111          207.3308240           -0.0000000           -0.0000000            0.0000000
           3.6096029            0.0000000            0.0000000
          -1.8048014            3.1260078            0.0000000
           0.0000000            0.0000000            5.9719846
0           -0.0000000            2.0840052            0.0000000
0            1.8048014            1.0420026            2.9859923
0           -0.0000000            2.0840052            2.2326788
0            1.8048014            1.0420026            5.2186711
