4
         -23.6816081
         -50.6050617          -50.6050617          -51.2937117            0.0000000            0.0000000            0.0000000
           3.8755736            0.0000000            0.0000000
          -1.9377868            3.3563452            0.0000000
           0.0000000            0.0000000            6.4120256
0           -0.0000000            2.2375635            0.0000000
0            1.9377868            1.1187817            3.2060128
0           -0.0000000            2.2375635            2.3971919
0            1.9377868            1.1187817            5.6032047
