4
         -22.3742890
         328.0184212          328.0184212          331.9882670            0.0000000            0.0000000            0.0000000
           3.5336112            0.0000000            0.0000000
          -1.7668056            3.0601971            0.0000000
           0.0000000            0.0000000            5.8462586
0           -0.0000000            2.0401314            0.0000000
0            1.7668056            1.0200657            2.9231293
0           -0.0000000            2.0401314            2.1856750
0            1.7668056            1.0200657            5.1088043
