4
         -22.2521048
        -146.1447383         -146.1447383         -147.3514921           -0.0000000           -0.0000000            0.0000000
           4.1795402            0.0000000            0.0000000
          -2.0897701            3.6195880            0.0000000
           0.0000000            0.0000000            6.9149295
0           -0.0000000            2.4130586            0.0000000
0            2.0897701            1.2065293            3.4574648
0           -0.0000000            2.4130586            2.5852070
0            2.0897701            1.2065293            6.0426718
