4
         -23.5140177
         106.9708119          106.9708119          108.6125924            0.0000000            0.0000000            0.0000000
           3.6855945            0.0000000            0.0000000
          -1.8427973            3.1918185            0.0000000
           0.0000000            0.0000000            6.0977106
0           -0.0000000            2.1278790            0.0000000
0            1.8427973            1.0639395            3.0488553
0           -0.0000000            2.1278790            2.2796825
0            1.8427973            1.0639395            5.3285378
