4
         -23.1512599
        -115.4231906         -115.4231906         -116.6965353            0.0000000           -0.0000000            0.0000000
           4.0275569            0.0000000            0.0000000
          -2.0137784            3.4879666            0.0000000
           0.0000000            0.0000000            6.6634776
0           -0.0000000            2.3253111            0.0000000
0            2.0137785            1.1626555            3.3317388
0           -0.0000000            2.3253111            2.4911995
0            2.0137785            1.1626555            5.8229382
