4
         -23.5461870
         -87.9847392          -87.9847392          -54.0926740            0.0000000            0.0000000            0.0000000
           3.9515652            0.0000000            0.0000000
          -1.9757826            3.4221559            0.0000000
           0.0000000            0.0000000            6.4120256
0           -0.0000000            2.2814373            0.0000000
0            1.9757826            1.1407186            3.2060128
0           -0.0000000            2.2814373            2.3971919
0            1.9757826            1.1407186            5.6032047
