4
         -23.5756068
         100.7179479          100.7179479           59.0257248            0.0000000            0.0000000            0.0000000
           3.6855945            0.0000000            0.0000000
          -1.8427973            3.1918185            0.0000000
           0.0000000            0.0000000            6.1920051
0           -0.0000000            2.1278790            0.0000000
0            1.8427973            1.0639395            3.0960025
0           -0.0000000            2.1278790            2.3149353
0            1.8427973            1.0639395            5.4109379
