4
         -23.6696749
          63.2040747           63.2040747           37.2765798            0.0000000            0.0000000           -0.0000000
           3.7235903            0.0000000            0.0000000
          -1.8617952            3.2247238            0.0000000
           0.0000000            0.0000000            6.2234366
0           -0.0000000            2.1498159            0.0000000
0            1.8617952            1.0749079            3.1117183
0           -0.0000000            2.1498159            2.3266863
0            1.8617952            1.0749079            5.4384046
