4
         -23.6352596
         -70.0954035          -70.0954035          -42.7890821            0.0000000            0.0000000            0.0000000
           3.9135694            0.0000000            0.0000000
          -1.9567847            3.3892505            0.0000000
           0.0000000            0.0000000            6.3805941
0           -0.0000000            2.2595004            0.0000000
0            1.9567847            1.1297502            3.1902970
0           -0.0000000            2.2595004            2.3854410
0            1.9567847            1.1297502            5.5757380
