4
         -23.1544884
        -128.4846716         -128.4846716          -80.7280097            0.0000000           -0.0000000            0.0000000
           4.0655527            0.0000000            0.0000000
          -2.0327763            3.5208719            0.0000000
           0.0000000            0.0000000            6.5063201
0           -0.0000000            2.3472480            0.0000000
0            2.0327764            1.1736240            3.2531600
0           -0.0000000            2.3472480            2.4324448
0            2.0327764            1.1736240            5.6856048
