4
         -23.4405658
         142.6573821          142.6573821           83.1388174           -0.0000000            0.0000000            0.0000000
           3.6475987            0.0000000            0.0000000
          -1.8237993            3.1589131            0.0000000
           0.0000000            0.0000000            6.1605736
0           -0.0000000            2.1059421            0.0000000
0            1.8237994            1.0529710            3.0802868
0           -0.0000000            2.1059421            2.3031844
0            1.8237994            1.0529710            5.3834712
