4
         -21.5591490
         510.7522225          510.7522225          288.9218611            0.0000000           -0.0000000            0.0000000
           3.4196238            0.0000000            0.0000000
          -1.7098119            2.9614811            0.0000000
           0.0000000            0.0000000            5.9719846
0           -0.0000000            1.9743207            0.0000000
0            1.7098119            0.9871603            2.9859923
0           -0.0000000            1.9743207            2.2326788
0            1.7098119            0.9871603            5.2186711
