4
         -22.6162437
        -152.9368917         -152.9368917          -98.5886384            0.0000000            0.0000000            0.0000000
           4.1795402            0.0000000            0.0000000
          -2.0897701            3.6195880            0.0000000
           0.0000000            0.0000000            6.6006146
0           -0.0000000            2.4130586            0.0000000
0            2.0897701            1.2065293            3.3003073
0           -0.0000000            2.4130586            2.4676976
0            2.0897701            1.2065293            5.7680049
