4
         -23.7002242
         -49.6378622          -49.6378622          -30.0784044            0.0000000           -0.0000000            0.0000000
           3.8755736            0.0000000            0.0000000
          -1.9377868            3.3563452            0.0000000
           0.0000000            0.0000000            6.3491626
0           -0.0000000            2.2375635            0.0000000
0            1.9377868            1.1187817            3.1745813
0           -0.0000000            2.2375635            2.3736900
0            1.9377868            1.1187817            5.5482713
