4
         -23.0331239
         241.4906176          241.4906176          139.2063896            0.0000000            0.0000000            0.0000000
           3.5716070            0.0000000            0.0000000
          -1.7858035            3.0931024            0.0000000
           0.0000000            0.0000000            6.0977106
0           -0.0000000            2.0620683            0.0000000
0            1.7858035            1.0310341            3.0488553
0           -0.0000000            2.0620683            2.2796825
0            1.7858035            1.0310341            5.3285378
