4
         -22.7531722
         298.9022853          298.9022853          171.4218747            0.0000000           -0.0000000            0.0000000
           3.5336112            0.0000000            0.0000000
          -1.7668056            3.0601971            0.0000000
           0.0000000            0.0000000            6.0662791
0           -0.0000000            2.0401314            0.0000000
0            1.7668056            1.0200657            3.0331396
0           -0.0000000            2.0401314            2.2679316
0            1.7668056            1.0200657            5.3010711
