4
         -22.4170158
         362.6396586          362.6396586          206.9808305            0.0000000            0.0000000            0.0000000
           3.4956154            0.0000000            0.0000000
          -1.7478077            3.0272917            0.0000000
           0.0000000            0.0000000            6.0348476
0           -0.0000000            2.0181945            0.0000000
0            1.7478077            1.0090972            3.0174238
0           -0.0000000            2.0181945            2.2561806
0            1.7478077            1.0090972            5.2736044
