4
         -22.0205726
         432.6217203          432.6217203          245.7978105           -0.0000000            0.0000000            0.0000000
           3.4576196            0.0000000            0.0000000
          -1.7288098            2.9943864            0.0000000
           0.0000000            0.0000000            6.0034161
0           -0.0000000            1.9962576            0.0000000
0            1.7288098            0.9981288            3.0017080
0           -0.0000000            1.9962576            2.2444297
0            1.7288098            0.9981288            5.2461377
