4
         -23.7387039
         -26.3614652          -26.3614652          -15.8665304            0.0000000            0.0000000            0.0000000
           3.8375778            0.0000000            0.0000000
          -1.9187889            3.3234399            0.0000000
           0.0000000            0.0000000            6.3177311
0           -0.0000000            2.2156266            0.0000000
0            1.9187889            1.1078133            3.1588655
0           -0.0000000            2.2156266            2.3619391
0            1.9187889            1.1078133            5.5208046
