4
         -23.2608755
         189.4323373          189.4323373          109.7898436            0.0000000            0.0000000            0.0000000
           3.6096029            0.0000000            0.0000000
          -1.8048014            3.1260078            0.0000000
           0.0000000            0.0000000            6.1291421
0           -0.0000000            2.0840052            0.0000000
0            1.8048014            1.0420026            3.0645710
0           -0.0000000            2.0840052            2.2914335
0            1.8048014            1.0420026            5.3560045
