192
          15.1665055            0.0000000            0.0000000
          -7.5832527           13.1345790            0.0000000
           0.0000000            0.0000000           18.7684814
0            0.0019137            2.1763015           18.7654722           -0.2085921            0.0676591            0.0592462
0           -0.0022914            2.1957885            6.3023543            0.0276425           -0.2411300           -0.8673592
0            0.0069872            2.1611471           12.5205112           -0.2520882            0.2817065           -0.1232084
0           -1.8900402            5.4659645           18.7554459           -0.1145746            0.1447810            0.0981117
0           -1.9018735            5.4772373            6.2681080            0.1070521            0.0032218           -0.0969543
0           -1.8897287            5.4857265           12.5318280            0.1145307           -0.0214843           -0.0534998
0           -3.7888422            8.7706900            0.0471556            0.0663540           -0.1469515           -0.3868694
0           -3.7928825            8.7540327            6.2620560           -0.3108766            0.1434362           -0.0452084
0           -3.7836083            8.7708248           12.5579062           -0.0875521           -0.0412394           -0.3296743
0           -5.6896374           12.0587678           18.7509616            0.2920583           -0.1014552            0.1781227
0           -5.6877693           12.0182855            6.2650385           -0.0695155            0.2976677            0.1672130
0           -5.7032861           12.0403554           12.4746844            0.3264916           -0.0458146            0.4034037
0            3.7823032            2.1603325            0.0044590           -0.1791079            0.4160448           -0.3222647
0            3.7846533            2.1646988            6.2735817           -0.0067703            0.0269904            0.0570811
0            3.7953277            2.1748011           12.5510047            0.2229425            0.4766184           -0.6981835
0            1.8993573            5.4728339            0.0052779           -0.1638836            0.0917159           -0.0226085
0            1.8985288            5.4968425            6.2531837           -0.0213285           -0.3073297            0.2844399
0            1.8958073            5.4735646           12.5127412            0.0387501           -0.1040722           -0.1537375
0            0.0058724            8.7776399            0.0115788           -0.0838213           -0.2928194            0.1241025
0           -0.0008376            8.7579520            6.2981911           -0.0055887           -0.1443719           -0.3842062
0           -0.0038753            8.7388686           12.4978822            0.0602976            0.0379636            0.1338098
0           -1.8914298           12.0404293           18.7643510            0.1891828           -0.1695864            0.0750290
0           -1.8967810           12.0340886            6.2491327           -0.0678201            0.1261610           -0.2433433
0           -1.8941670           12.0386108           12.5210213            0.0812523            0.1135185           -0.4142240
0            7.6180300            2.2089827            0.0230409           -0.3169760           -0.1605079           -0.0617394
0            7.5681867            2.2079546            6.2400295            0.1089479           -0.4314161            0.4233631
0            7.5857656            2.1881262           12.5232456           -0.0753113            0.0998112           -0.2209375
0            5.6875577            5.4727816            0.0007586            0.1153016            0.0051854            0.0569439
0            5.6543388            5.4579104            6.2581300            0.1907685            0.1833797           -0.1311352
0            5.6870182            5.4845476           12.4975748            0.1382655            0.0632582            0.1268885
0            3.7884883            8.7641868            0.0094606            0.0069255           -0.0205243           -0.1531937
0            3.7857958            8.7477679            6.2294491            0.0837838            0.1511577            0.0715915
0            3.7724954            8.7430030           12.5121849            0.1936241            0.3738750            0.1092844
0            1.8845839           12.0568836            0.0418181            0.2450359           -0.3195891           -0.5230062
0            1.9005458           12.0393131            6.2544243           -0.0264328            0.0163205           -0.1754679
0            1.8958848           12.0401481           12.5128142            0.0339556           -0.0693780            0.0777255
0           11.3759006            2.1856854            0.0460295            0.1123959           -0.0351909           -0.7250318
0           11.3908425            2.1820089            6.2193391           -0.1192265           -0.0649953            0.4229673
0           11.3633295            2.1919382           12.4752140            0.0525074            0.2592207            0.4678611
0            9.4635876            5.4898936            0.0152888            0.0586255           -0.2822861           -0.1053487
0            9.4876875            5.4553620            6.2872132           -0.2214313            0.0805874           -0.2951347
0            9.4841883            5.4703797           12.5382172            0.0500810            0.0465405           -0.1060475
0            7.5701208            8.7599401            0.0011179            0.2127761           -0.0330782           -0.1184439
0            7.6095781            8.7382029            6.2681441           -0.2833537            0.1672503           -0.1219124
0            7.5832823            8.7563071           12.5120357           -0.1743749            0.1263025            0.1533891
0            5.6873341           12.0405018           18.7569934            0.2309637           -0.0209064           -0.1637654
0            5.6607520           12.0254409            6.2645816            0.2378229           -0.1609303            0.1138714
0            5.6950138           12.0431116           12.5036428           -0.0020599            0.2029682            0.1155900
0            1.8958261            1.0931192            3.1281479            0.1356648            0.0820349           -0.1099703
0            1.8962705            1.0904761            9.3863101           -0.0602956           -0.0071911            0.3086368
0            1.9116069            1.1175968           15.6062967           -0.1645652           -0.3059366            0.1174335
0            0.0171708            4.3748991            3.1158271           -0.1233363            0.0633162            0.1737038
0           -0.0061716            4.3869037            9.3766575           -0.0161172           -0.0380181            0.1192223
0            0.0024426            4.3796354           15.6504730           -0.0738816            0.0308324            0.0208326
0           -1.8905942            7.6713691            3.1123908           -0.1344279           -0.1703423            0.4673767
0           -1.9024096            7.6576702            9.3438337            0.2638844            0.1211736            0.4402038
0           -1.8678725            7.6768575           15.6727161            0.0029273           -0.1049192           -0.1907522
0           -3.8176990           10.9728157            3.1015841            0.3027094           -0.1784704            0.2639965
0           -3.8020564           10.9507065            9.3997605            0.2775891           -0.1179088           -0.4288452
0           -3.7770718           10.9763285           15.6050133           -0.0644209           -0.3783529            0.4279801
0            5.7231399            1.1268409            3.1376441           -0.6220479           -0.1399433           -0.2387496
0            5.6826910            1.0878204            9.3815253            0.1330579           -0.0806111            0.0932273
0            5.6972571            1.0987553           15.6253550           -0.1256415           -0.1262783            0.3692915
0            3.7737542            4.3545049            3.1517931            0.2769951            0.3966363           -0.2561023
0            3.7992158            4.3757708            9.3815761            0.0405542           -0.0965009           -0.0765037
0            3.7921817            4.3766641           15.6335003           -0.0179492            0.0272377            0.2642794
0            1.8711345            7.6877727            3.1235706            0.2756164           -0.4156663            0.0223030
0            1.9001311            7.6562898            9.3655484            0.0630791            0.2083062            0.2646518
0            1.8955972            7.6658003           15.6365757           -0.2765887           -0.1762238            0.1564958
0           -0.0010479           10.9816456            3.1043947           -0.1079724           -0.2336099            0.5729010
0           -0.0119021           10.9714659            9.3782098           -0.0255358           -0.1362953            0.2245830
0           -0.0012960           10.9470530           15.6393373            0.1284113           -0.0796280           -0.2664631
0            9.4834505            1.0989124            3.1248360            0.0413895           -0.0944700            0.0433395
0            9.4781797            1.0976313            9.4147402            0.1174715           -0.0954737           -0.0198663
0            9.4856494            1.1131335           15.6621990           -0.0651157           -0.1888692           -0.1266471
0            7.5593389            4.3611200            3.1594484            0.2034702            0.0210445            0.0257879
0            7.5797152            4.3652457            9.3707214           -0.0323617            0.3097759            0.1224298
0            7.5605189            4.3610995           15.6015805            0.1216751            0.3204485            0.5901319
0            5.7049065            7.6658502            3.1400328           -0.1032649           -0.2687573           -0.1253801
0            5.6893922            7.6714442            9.4159748           -0.1654206            0.0530743           -0.6560619
0            5.6713807            7.6588651           15.6473308            0.1745403            0.0949125            0.1486848
0            3.7904645           10.9623926            3.1353655            0.2045214           -0.3943692           -0.3982397
0            3.7920099           10.9436112            9.3811874           -0.3240412            0.1099699           -0.0762316
0            3.7936614           10.9179840           15.6055054           -0.0523395            0.4972559            0.4354922
0           13.2699229            1.0947679            3.1106309           -0.0026139           -0.2201410           -0.0302060
0           13.2846333            1.1170379            9.3570225            0.1008420           -0.2719587            0.1570873
0           13.2686705            1.0897788           15.6019756            0.2168710            0.0558113            0.4479781
0           11.3976904            4.3712990            3.1335755           -0.1168819            0.2140061           -0.0114002
0           11.3494865            4.3700233            9.3719896            0.3302963            0.0847215            0.0658822
0           11.3925959            4.3835156           15.6348674           -0.2357425           -0.2347262            0.3326964
0            9.4812765            7.6563367            3.0856269           -0.1509114           -0.2401465            0.2970356
0            9.4765690            7.6541860            9.4017446           -0.0611776            0.1787556           -0.0214899
0            9.4782889            7.6595875           15.6248294            0.0706469            0.2750178            0.4898122
0            7.5977903           10.9349292            3.1317901           -0.2094300            0.1539640            0.0006244
0            7.5789118           10.9603090            9.3635608            0.1045319           -0.3042963            0.3074204
0            7.5877752           10.9470053           15.6692743           -0.0981157            0.0906850           -0.1867750
1            0.0030695            2.1928609            2.3512605           -0.0317423           -0.1365418           -0.2217352
1            0.0261044            2.1981955            8.5762441           -0.1257036           -0.0137899            0.5211317
1            0.0045171            2.1876554           14.8565632           -0.0660446            0.0918250           -0.1149703
1           -1.8706874            5.4856075            2.3247478           -0.1574024           -0.1032973            0.1286924
1           -1.8952731            5.4728121            8.5951799           -0.1550347           -0.1376224           -0.0012800
1           -1.9017867            5.4919464           14.8696475            0.2204682           -0.0597183           -0.0738647
1           -3.7843949            8.7612619            2.3547062           -0.0382591            0.1088628            0.0960276
1           -3.7919810            8.7493992            8.6069743           -0.1773401            0.1870967           -0.1168099
1           -3.7603205            8.7365221           14.8811075           -0.2459603            0.3465391           -0.0372726
1           -5.6885878           12.0422888            2.3404822           -0.2125832            0.1750868           -0.3203162
1           -5.6872526           12.0403563            8.6337075           -0.0297292            0.0185594           -0.4674294
1           -5.6875858           12.0355950           14.8675863           -0.0515210            0.1453207           -0.4881710
1            3.7789318            2.2205779            2.3060760            0.1845827           -0.5489793            0.4567780
1            3.7862476            2.1538592            8.6282192            0.0648307            0.4150936           -0.3594415
1            3.7869596            2.1882830           14.8200107            0.2835633            0.1142345            0.6426045
1            1.8971270            5.4541467            2.3299476            0.0718858            0.4176808            0.2073624
1            1.8947201            5.4734729            8.6396588            0.0603841           -0.0864047           -0.6218039
1            1.8995849            5.4655221           14.8423596           -0.0526658            0.0926506            0.0906959
1           -0.0158720            8.7643800            2.3818094            0.0949789            0.3171088           -0.5399458
1            0.0199632            8.7767232            8.5906036           -0.2309304           -0.1329414            0.3941371
1           -0.0000536            8.7589105           14.8370966            0.0970505            0.0092854            0.0440583
1           -1.9013631           12.0604687            2.3455390           -0.0122733            0.0480624           -0.1059013
1           -1.9010601           12.0460777            8.5563299           -0.1669561           -0.0483202            0.4243185
1           -1.8838053           12.0278711           14.8156778            0.0347241            0.2880851            0.4257667
1            7.5854075            2.1841792            2.3527986            0.2728211            0.1231135           -0.0871950
1            7.5860987            2.1896738            8.6342240           -0.0369000           -0.1222235           -0.5717056
1            7.5781198            2.2072001           14.8360714            0.1657809           -0.3507032            0.1834127
1            5.7136731            5.4488230            2.3211625           -0.4803758            0.2286741            0.4027684
1            5.6766360            5.4906270            8.5766832            0.1122238           -0.1073860            0.2399169
1            5.6803130            5.4804538           14.8536945           -0.0618768            0.0075372           -0.2439733
1            3.7955996            8.7375534            2.3314864           -0.0531122            0.2487337            0.2405730
1            3.7857935            8.7734504            8.5720341            0.1384566           -0.2074779            0.0948446
1            3.7676435            8.7577132           14.8914980            0.3238933           -0.2461405           -0.6599228
1            1.9105199           12.0247839            2.3411654           -0.1422170            0.3075204            0.1566909
1            1.8673745           12.0482395            8.5688065            0.4237008            0.0758980            0.3684910
1            1.8955182           12.0403354           14.8481702           -0.0063637            0.1141616            0.0921625
1           11.3761911            2.1919943            2.3127949            0.0284827           -0.0631776            0.7059862
1           11.3924963            2.1850881            8.6140639           -0.3097966           -0.0215221           -0.5056663
1           11.3970233            2.1535678           14.8554645           -0.3405459            0.6148009           -0.3543464
1            9.4551804            5.4300665            2.3298555            0.2417353            0.2243819            0.3568996
1            9.4905410            5.4811845            8.5895749           -0.2857211           -0.1023197            0.2624667
1            9.4642611            5.4967480           14.8863693            0.1571598           -0.5002918           -0.2762981
1            7.5774103            8.7676438            2.3242506            0.1092103           -0.1026877            0.1284613
1            7.5747332            8.7590174            8.5904066            0.1586922           -0.0390828            0.1691103
1            7.5860339            8.7663594           14.8627208           -0.1855261           -0.0677748           -0.1037689
1            5.6815852           12.0229419            2.3005594            0.1955730            0.1591387            0.3980998
1            5.6901752           12.0173618            8.6202537           -0.1580559            0.4552161           -0.3884005
1            5.6811397           12.0590427           14.8609708            0.1725923           -0.4545763           -0.2708690
1            1.9091471            1.0797869            5.4451220           -0.3183265            0.0617499            0.4143402
1            1.9207114            1.1093664           11.7480168           -0.2630490           -0.1384603           -0.3524140
1            1.8694088            1.0896691           17.9408569            0.3221392            0.1743702            0.1294264
1           -0.0000414            4.3782530            5.4667104           -0.0323910            0.0271395            0.0093346
1           -0.0036790            4.3793425           11.7106302            0.0440882           -0.1633356            0.2090652
1           -0.0074550            4.3810237           17.9960169            0.2186490           -0.1538821           -0.1788920
1           -1.9116969            7.6723652            5.4934031            0.2497400           -0.0952761           -0.3498994
1           -1.8931029            7.6686769           11.7331469           -0.2068430           -0.0619123           -0.3758701
1           -1.8935986            7.6613905           17.9737394            0.0028762            0.1339739            0.4298499
1           -3.8107438           10.9673092            5.4543733            0.2213878           -0.3559269           -0.0096042
1           -3.7705414           10.9553411           11.6814972           -0.2082225           -0.0970821            0.7241428
1           -3.7759685           10.9445889           17.9917594           -0.1489049            0.0775257           -0.3145459
1            5.6801205            1.1023558            5.4478567            0.0778911           -0.1159917            0.3080390
1            5.6925877            1.1057797           11.7173305           -0.0263063           -0.1957293            0.1246821
1            5.6868290            1.0917905           18.0268743            0.2667177            0.1621021           -0.6334786
1            3.7870593            4.3523973            5.4705309           -0.1872466            0.0460983            0.1499165
1            3.8157648            4.4082596           11.6991974           -0.2841300           -0.4749519            0.3552402
1            3.7929314            4.4176952           18.0052979           -0.0303959           -0.6790212           -0.4212683
1            1.8959462            7.6614695            5.4673817           -0.1858489            0.1370328           -0.0926138
1            1.8956847            7.6610093           11.7295242           -0.0689995           -0.0426331           -0.2541251
1            1.8884879            7.6615998           17.9808576            0.0460539            0.0450540            0.0328865
1           -0.0028953           10.9321620            5.5081338            0.0798174            0.1326600           -0.6380205
1            0.0063824           10.9280460           11.7485881           -0.0650959            0.2078950           -0.4034287
1            0.0223191           10.9288383           17.9436915           -0.1662599            0.3637352            0.4875344
1            9.4785929            1.0953891            5.4610339           -0.0872206            0.0403669            0.0371273
1            9.4810088            1.0948542           11.7638092           -0.1978083           -0.0499129           -0.3679863
1            9.4818832            1.0904465           17.9957092            0.0531287            0.1105983            0.0080450
1            7.5712255            4.3622514            5.4988805            0.0546115            0.4291110           -0.1598210
1            7.5831456            4.3787105           11.7240311            0.1000749            0.0369819           -0.0348623
1            7.5726850            4.3748193           17.9991816            0.1088862            0.0767202           -0.5331075
1            5.6887594            7.6647623            5.4691644            0.0919309           -0.1346445            0.0389274
1            5.6899391            7.6746223           11.6912545           -0.0894165            0.0161953            0.6796572
1            5.6889850            7.6532547           17.9975519           -0.0867526            0.1280788           -0.1837679
1            3.7941916           10.9450429            5.4262816           -0.1658494           -0.0998384            0.5036469
1            3.8007845           10.9815473           11.7038078           -0.1240320           -0.5016904            0.2642385
1            3.8173052           10.9528143           17.9744188           -0.4429216           -0.0319417           -0.1179073
1           13.2567012            1.0487688            5.4520077            0.3525961            0.4304786            0.0930511
1           13.2310925            1.1129717           11.7004659            0.6011770           -0.2360642            0.0360266
1           13.2637823            1.0839804           17.9569167           -0.0047106            0.1829839            0.0784492
1           11.3685385            4.3793451            5.4923192            0.1497078           -0.0553649           -0.3344850
1           11.4042004            4.3918984           11.7049439           -0.3494983            0.0179496            0.2163327
1           11.3712406            4.3745260           18.0228975           -0.0955753           -0.0169283           -0.4572182
1            9.4580740            7.6337501            5.4664932            0.3901136            0.0605120           -0.2527606
1            9.4536614            7.6781807           11.7373407            0.4710961           -0.1848401            0.0457789
1            9.4935691            7.6525132           18.0115412           -0.1354329            0.3267615           -0.3606847
1            7.5879419           10.9463109            5.4712338           -0.1803461           -0.1569430            0.0510050
1            7.5834202           10.9456151           11.7225666           -0.1086510           -0.0359701           -0.2130560
1            7.6183001           10.9516088           17.9843515           -0.4047991           -0.1075830            0.0833378
