192
          15.1665055            0.0000000            0.0000000
          -7.5832527           13.1345790            0.0000000
           0.0000000            0.0000000           18.7684814
0           -0.0030674            2.1884528           18.7311985           -0.0419813            0.0477062            0.3938798
0           -0.0413933            2.2032380            6.2364289            0.4561821           -0.0599454            0.3373067
0            0.0038957            2.1827399           12.5225166           -0.1279361            0.0989311            0.0179653
0           -1.9048752            5.4680839           18.7639233           -0.0608040           -0.0526370           -0.0185670
0           -1.8834040            5.4846806            6.2497710           -0.0895729           -0.0593488            0.0409035
0           -1.8709978            5.4441975           12.5388080           -0.2546742            0.3808485           -0.3104069
0           -3.7959817            8.7920584            0.0220807            0.0063794           -0.5628753           -0.0668015
0           -3.7725808            8.7529881            6.2892505           -0.3016380            0.0252047           -0.5180697
0           -3.7683684            8.7867951           12.5222724           -0.3309276           -0.2391883            0.2087713
0           -5.6804734           12.0317811            0.0244700           -0.1623477            0.0271176           -0.0653779
0           -5.6883904           12.0415347            6.2478152            0.0668916           -0.3265069            0.1594950
0           -5.6734785           12.0383195           12.4876549           -0.1429476            0.0107640            0.2751195
0            3.7779068            2.1814189           18.7361446            0.0061436           -0.0035016            0.3519788
0            3.7924043            2.1883906            6.2569571           -0.3432952           -0.0195395            0.0969048
0            3.7930838            2.1800368           12.5471388           -0.0920670            0.1584468           -0.5928396
0            1.8776875            5.5183786           18.7681604            0.1516402           -0.4868253            0.1653522
0            1.8803630            5.4834880            6.2432257            0.4327337           -0.0536373           -0.0528437
0            1.8961139            5.4732223           12.5141549           -0.1136206            0.0125313            0.1418549
0            0.0009010            8.7505113            0.0002718            0.0264392            0.1384477           -0.1530906
0            0.0098547            8.7533941            6.2509169           -0.3521217            0.1825354            0.1455293
0            0.0059387            8.7422442           12.5257647           -0.0662089            0.1077557           -0.2629314
0           -1.8715340           12.0448941            0.0386751           -0.3011263           -0.2548006           -0.7180916
0           -1.8887840           12.0227647            6.2144352           -0.0123719            0.3327497            0.3920252
0           -1.8685547           12.0148477           12.5170989           -0.2373434            0.3645918           -0.1323206
0            7.5696271            2.1779743            0.0099355            0.2490288            0.2931045           -0.0877922
0            7.5672118            2.2219574            6.2573661            0.2748467           -0.2881134           -0.0231359
0            7.5665659            2.1699303           12.5089804           -0.1243385           -0.0413626            0.1420623
0            5.6808946            5.4919860            0.0178404           -0.0113190           -0.2896893           -0.1695154
0            5.6891123            5.4286828            6.2725479            0.1346431            0.4740341            0.1384121
0            5.6801268            5.4747026           12.4948233           -0.1832246           -0.2171870            0.1380401
0            3.7713274            8.7301240           18.7524375            0.2969194            0.2886545            0.1341708
0            3.7685011            8.7239769            6.2536383            0.2375538            0.3657717            0.2294282
0            3.7903620            8.7544608           12.5095434           -0.1330891            0.1323139            0.1765466
0            1.9033371           12.0119441           18.7566388           -0.2430444            0.4381443            0.1731069
0            1.8953350           12.0406136            6.2565857            0.3437940            0.1878063            0.0930064
0            1.9049497           12.0241829           12.4875845           -0.2283119            0.0944483            0.2455675
0           11.3749168            2.1893309            0.0007436            0.0459861           -0.1290193           -0.2994461
0           11.3672739            2.1883128            6.2129075           -0.0229824           -0.0391487            0.4332341
0           11.3708155            2.1894495           12.4704051            0.1447600           -0.0091911            0.3245163
0            9.4565530            5.4672968           18.7494158           -0.0956272            0.1199611            0.4241591
0            9.4992924            5.4876870            6.2295953           -0.2240903           -0.1413752            0.1009065
0            9.4712951            5.5018289           12.5271404           -0.0965279           -0.2443846           -0.2092910
0            7.5552626            8.7787898           18.7391457            0.2521147           -0.2015958            0.5655527
0            7.5673349            8.7750775            6.2761338            0.2226097           -0.1811560           -0.2977688
0            7.5831359            8.7571079           12.4999937           -0.1398020            0.1651964            0.0739389
0            5.6854920           12.0352242            0.0221643           -0.0476553            0.1070676           -0.2598387
0            5.6744315           12.0450410            6.2802128            0.1671118           -0.1234346           -0.3186674
0            5.7055364           12.0317320           12.4911531           -0.2578303            0.3310746            0.1831331
0            1.8953260            1.1009614            3.1402978           -0.1601842            0.0732414            0.0070950
0            1.8963630            1.0813307            9.3710615            0.1771186            0.1959516            0.3879581
0            1.8961089            1.0947854           15.6409747            0.3465742           -0.1262332           -0.1894892
0           -0.0081026            4.3910073            3.1480971            0.0890739           -0.0729929           -0.2163756
0           -0.0205533            4.3465771            9.3533481            0.1355317            0.3971860            0.2963136
0           -0.0008348            4.3913127           15.6082289           -0.0663324           -0.3660171            0.3178414
0           -1.8771230            7.6838748            3.0970337           -0.2467403           -0.4782210            0.1825343
0           -1.8812373            7.6439409            9.3776507           -0.2426119            0.1557867            0.1779924
0           -1.8737480            7.6897734           15.6505126            0.0060374           -0.1340464           -0.0349233
0           -3.7788511           10.9666433            3.1213779            0.0695384           -0.1326389           -0.0229869
0           -3.8179664           10.9545587            9.4130471            0.6327018           -0.3999137           -0.3184936
0           -3.7821083           10.9441620           15.6277481           -0.0629379            0.0861106            0.2927853
0            5.6817365            1.0779851            3.1229644           -0.0645797            0.3080916            0.2622708
0            5.7125435            1.1327063            9.3649084           -0.3806610           -0.3413034           -0.0407443
0            5.6967648            1.1001534           15.6281882           -0.1549066           -0.1186558            0.3624705
0            3.7944796            4.3828538            3.1333272            0.1726383            0.0229345            0.0740780
0            3.7903265            4.3795484            9.3785811           -0.2826128            0.1806691            0.0874948
0            3.7817329            4.3749343           15.6586335            0.2111477            0.1089205           -0.1376815
0            1.9037409            7.6464918            3.1183015           -0.2078151            0.2413483            0.2343585
0            1.8943173            7.6571299            9.3744304            0.0609985            0.0719761            0.0816385
0            1.9047443            7.6642120           15.6227092           -0.2404829           -0.0931106            0.0265547
0           -0.0004128           10.9412150            3.1659018            0.3037931            0.0578690           -0.2612318
0           -0.0077546           10.9309048            9.3691067           -0.2376646            0.2121106           -0.0520485
0            0.0059243           10.9382361           15.5959042            0.1586844            0.2943293            0.5316588
0            9.4776975            1.0904697            3.0955267            0.0685871            0.0263822            0.3018614
0            9.4874134            1.0777022            9.4275835           -0.2857583            0.1329311           -0.3833577
0            9.4813325            1.0949851           15.6370308           -0.0887577            0.1222839           -0.0440948
0            7.5802507            4.3796056            3.0784776            0.0550456           -0.0394280            0.4387397
0            7.5823133            4.3791262            9.3851932            0.1754846            0.0072566            0.0622017
0            7.5915914            4.4197248           15.6469455           -0.2360074           -0.3326735           -0.1516952
0            5.6855768            7.6752648            3.1036255           -0.2829477           -0.1713695            0.5563176
0            5.6884797            7.6665478            9.3963287            0.0007479           -0.0931140            0.2708958
0            5.6935544            7.6676546           15.6430940           -0.2534412            0.0171753           -0.1510333
0            3.8115270           10.9233276            3.1319481           -0.1302462            0.4479941            0.0905982
0            3.7763304           10.9680485            9.3736701            0.0126840           -0.0598561            0.0765080
0            3.7858607           10.9714061           15.6488197            0.0961230           -0.2605948           -0.0472666
0           13.2551521            1.0921807            3.1500310            0.1285435            0.1573879           -0.1976195
0           13.2883197            1.1062539            9.3804376           -0.3710219           -0.0686405           -0.2733938
0           13.2494519            1.1002532           15.6583162            0.1213609           -0.0489600           -0.5083906
0           11.3825390            4.3839871            3.1314545           -0.1311709           -0.4928063           -0.0637903
0           11.3714576            4.3744110            9.3639204            0.0422933           -0.1303484            0.2817619
0           11.3653980            4.3735520           15.6272519            0.0926611            0.0722239            0.3333081
0            9.5077364            7.6430927            3.1386235           -0.3443508            0.1702409           -0.2652645
0            9.4888608            7.6679138            9.3680820           -0.1887510           -0.2792673            0.2419528
0            9.4786020            7.6581587           15.6494871           -0.0948017            0.0697188            0.1868554
0            7.5806323           10.9406855            3.1575566           -0.1269672            0.0999088           -0.6831225
0            7.5952650           10.9390956            9.3641333           -0.0980063           -0.0450365            0.1297628
0            7.5811668           10.9476843           15.6399048            0.0631775           -0.0474795           -0.0205940
1           -0.0209641            2.2100235            2.3491941            0.1620353           -0.2457970           -0.2427257
1           -0.0010480            2.1901590            8.6220690            0.0826547           -0.2458216           -0.6535888
1            0.0171758            2.1566716           14.8661853           -0.3766926            0.3872957           -0.1517238
1           -1.9074376            5.4300261            2.3389557            0.1987790            0.6691339           -0.0698404
1           -1.8947627            5.4739851            8.5987471           -0.0447074           -0.1804728           -0.1972987
1           -1.8933435            5.4763642           14.8561301           -0.0915344            0.1741141            0.1300888
1           -3.7917488            8.7563629            2.3391168            0.0510902            0.1761591            0.0977774
1           -3.8070886            8.7145318            8.5759740            0.3682605            0.5931599            0.4894084
1           -3.7912444            8.7565994           14.8852659            0.0662947           -0.0490350           -0.3548374
1           -5.6873439           12.0426496            2.3514235           -0.0595169            0.0199206            0.0262165
1           -5.6590356           12.0298134            8.6115117           -0.4558504            0.0860671           -0.3915089
1           -5.6816988           12.0355091           14.8386759            0.0141617            0.0176824            0.0060854
1            3.7789263            2.2155924            2.3515881            0.1057942           -0.3429118           -0.3366546
1            3.7919308            2.2176494            8.5929829           -0.0503773           -0.3219967           -0.0217917
1            3.8118359            2.2063568           14.8177799           -0.2138872           -0.2063824            0.7752447
1            1.9101361            5.4741907            2.3737589           -0.2066583           -0.0573058           -0.4485836
1            1.8651996            5.4669761            8.5615221            0.2323418           -0.0047649            0.3116728
1            1.8886676            5.4664023           14.8731161            0.1342023            0.1175594           -0.3537638
1           -0.0034213            8.7539140            2.3206319            0.2991004            0.1206422            0.2065431
1           -0.0212536            8.7591226            8.5980876            0.2951813           -0.1201885           -0.1790862
1            0.0202920            8.7918532           14.8356501           -0.1170001           -0.5294106            0.1395272
1           -1.8607861           12.0458316            2.3054418           -0.2135484           -0.1503073            0.7831871
1           -1.9022489           12.0527878            8.5693528           -0.0962435           -0.0761346            0.1579225
1           -1.8714491           12.0346303           14.8529218           -0.2679614            0.1176283           -0.0721100
1            7.5833175            2.1891082            2.3376862           -0.1014068           -0.0787518           -0.0055887
1            7.5832065            2.1886831            8.5942177            0.3937453            0.1413345           -0.0078498
1            7.5644068            2.1858686           14.8686250            0.3534099            0.3137571           -0.2301070
1            5.6908353            5.4714200            2.3318305           -0.1554625            0.1606667            0.0954987
1            5.6821793            5.4759300            8.6316276            0.0572010           -0.0047960           -0.3118602
1            5.6806391            5.4859169           14.8412562           -0.0683265           -0.0966315            0.0277250
1            3.7660518            8.7791110            2.3520894            0.2349444           -0.4239060           -0.3891897
1            3.8252980            8.7696250            8.6132386           -0.4785228           -0.0537063           -0.2095232
1            3.7561734            8.7601192           14.8565225            0.5516027            0.1982046           -0.0446447
1            1.9214497           12.0419511            2.3450264           -0.2725397           -0.2876857           -0.1212257
1            1.8670921           12.0490614            8.5924206            0.1905672           -0.1137665            0.0015527
1            1.9064075           12.0454115           14.8607944           -0.1222628            0.0632026           -0.3880388
1           11.3802302            2.1581215            2.3028497           -0.0697992            0.4144615            0.4668322
1           11.3407740            2.1689863            8.5935861            0.4231996            0.1194373           -0.2534142
1           11.3701661            2.2022554           14.8397433            0.0232860           -0.1778363           -0.2287793
1            9.4902908            5.4622824            2.3650939           -0.0562838            0.0608680           -0.5174154
1            9.5016930            5.4742761            8.5754779           -0.3501064            0.0104122            0.0487286
1            9.4821929            5.4765384           14.8548358            0.0424953            0.1023173           -0.0250611
1            7.5585280            8.7502211            2.3769796            0.5385976            0.1040169           -0.6092690
1            7.5789570            8.7301680            8.5949637            0.1180959            0.2826743            0.0957823
1            7.5767803            8.7516198           14.8380823            0.1378867            0.1128089            0.1114870
1            5.6715640           12.0665454            2.3389467            0.3199741           -0.3446578            0.1695963
1            5.6882595           12.0428329            8.5863285            0.0792001            0.0400670            0.2280456
1            5.6877872           12.0406011           14.8511842           -0.0156162            0.0866882           -0.1625647
1            1.8822353            1.0633751            5.4886894           -0.0308391            0.5659294           -0.1205000
1            1.8933780            1.0927468           11.7596854            0.0956787            0.0456675           -0.5221034
1            1.8769014            1.0754101           17.9592768            0.2170227            0.0114440            0.1933804
1            0.0174155            4.3930006            5.4582755           -0.2618813           -0.1238732            0.1271760
1            0.0025082            4.3801739           11.7061520            0.1015333           -0.1187638            0.0325161
1            0.0009392            4.3786416           17.9734204           -0.0377883            0.1328037           -0.1387396
1           -1.9065083            7.6702251            5.4609808            0.2538307            0.0225436           -0.1812346
1           -1.9068304            7.6915735           11.7232582            0.1788416           -0.5590568            0.0396761
1           -1.8953471            7.6721727           17.9885675           -0.1115634           -0.0673303            0.0169825
1           -3.7727000           10.9465700            5.4621684           -0.2318736           -0.1490272           -0.0529513
1           -3.7909694           10.9462008           11.7265654            0.1470973            0.1046830            0.0729554
1           -3.8196943           10.9197378           18.0039319            0.5188550            0.6657639           -0.3502753
1            5.6702598            1.1152976            5.5048862            0.2614139           -0.3368093           -0.5575869
1            5.6503194            1.0980898           11.6913906            0.3374559           -0.2658272            0.2757952
1            5.7037125            1.0866496           18.0131559           -0.3520926           -0.0356000           -0.5202066
1            3.8190694            4.3649808            5.4642542           -0.4929297            0.1654408            0.0308035
1            3.7584381            4.3706688           11.7191462            0.2873060           -0.0369596            0.0266422
1            3.7923404            4.3783063           17.9791457           -0.1663616            0.1498301            0.1786114
1            1.8753445            7.6789605            5.4764062            0.1248334           -0.2701387           -0.3229031
1            1.8991343            7.6629304           11.7375735           -0.0475871           -0.0724030           -0.2628891
1            1.8966357            7.6642080           17.9514061           -0.1969836            0.1223380            0.0834108
1            0.0312953           10.9726872            5.4937211           -0.3025823           -0.4434604           -0.2374364
1           -0.0150142           10.9256239           11.6934752            0.3488753            0.0193483            0.2058019
1           -0.0026222           10.9439770           17.9697772           -0.0018441           -0.1017962           -0.1856323
1            9.4843523            1.0838040            5.4655152           -0.3257918            0.1838031           -0.2479081
1            9.4823242            1.0979346           11.7222321           -0.1883807           -0.1757185            0.2681901
1            9.4717953            1.1094775           17.9631052            0.0485767           -0.2848601            0.2265366
1            7.5821717            4.3795787            5.4501061            0.1662305            0.1510854           -0.1439444
1            7.5607486            4.3568811           11.7335116            0.3315894            0.2422238           -0.0736731
1            7.5598050            4.3915016           17.9679383            0.0058095           -0.2212037            0.2245945
1            5.6823949            7.6659810            5.5057946           -0.0326249           -0.3588759           -0.4834759
1            5.6691832            7.6601628           11.7606084            0.2367531            0.0767593           -0.4500032
1            5.7013989            7.6421513           17.9732811           -0.3368027            0.2923485            0.0092342
1            3.7917486           10.9455803            5.4654236           -0.0091117           -0.1851241            0.1256795
1            3.7927610           10.9475541           11.7220549            0.1481642           -0.0838518           -0.1447658
1            3.7763341           10.9553182           17.9793632            0.3614462           -0.3147849            0.0190113
1           13.2708330            1.0945116            5.4660796           -0.2025210           -0.1015356            0.0567701
1           13.2739756            1.1091426           11.6771405            0.0191189           -0.2029874            0.5546880
1           13.2776270            1.0919545           17.9372901           -0.1973602           -0.0502216            0.6604519
1           11.3778068            4.3741411            5.4583455            0.1857827            0.0775732            0.0364558
1           11.3712983            4.3761901           11.7376031           -0.0251485            0.2692722           -0.2616601
1           11.3335334            4.3782398           18.0036172            0.4063897           -0.0047232           -0.4276155
1            9.4855335            7.6558784            5.4354887           -0.0445051            0.3702132            0.5506365
1            9.4702776            7.6863579           11.7294283            0.3005367           -0.0613675           -0.1849757
1            9.4769323            7.6645811           18.0076698           -0.0294232            0.1054060           -0.1884574
1            7.5828510           10.9450561            5.4241942           -0.0930635            0.1303839            0.9254735
1            7.5816147           10.9643829           11.7199701            0.1702685           -0.3059008           -0.2124144
1            7.5823402           10.9477375           17.9819491           -0.0418866            0.1912617           -0.0372811
