192
          15.1665055            0.0000000            0.0000000
          -7.5832527           13.1345790            0.0000000
           0.0000000            0.0000000           18.7684814
0           -0.0014525            2.1934715           18.7589256            0.0454262            0.0000110           -0.2385847
0            0.0348364            2.1866867            6.2308560           -0.3494266            0.0397508            0.2046517
0            0.0141302            2.1950064           12.4790296           -0.3813729           -0.4453259            0.3847216
0           -1.8979415            5.4707473            0.0018021            0.1747107            0.0025150           -0.0357234
0           -1.8962516            5.4731359            6.2967853            0.0701379            0.0141982           -0.5293383
0           -1.8970147            5.4797063           12.5123458            0.1156767           -0.2102533           -0.0217437
0           -3.8143018            8.7272603            0.0320541            0.4586164            0.4550687           -0.4530882
0           -3.7774834            8.7577498            6.2196366           -0.1192866            0.0030349            0.3948351
0           -3.7789354            8.7391979           12.5296601           -0.1102410            0.0883253           -0.1267855
0           -5.6884264           12.0461339            0.0212089            0.2099378           -0.1118233           -0.3823177
0           -5.6850268           12.0337018            6.2682601           -0.0238563            0.2211153           -0.2727186
0           -5.6806381           12.0427934           12.5156882           -0.2261406           -0.0888477           -0.0569561
0            3.7921785            2.1875677            0.0323081            0.0130793            0.0003277           -0.3835348
0            3.7801766            2.1870640            6.2175825            0.3334872            0.0098958            0.3957987
0            3.7938322            2.1838686           12.4822952           -0.2038570            0.3023620            0.5613159
0            1.9038545            5.4598925           18.7636853            0.0141030            0.2466409            0.1877158
0            1.9201836            5.4621731            6.2633253           -0.1774856            0.1270954           -0.0936110
0            1.9048972            5.5045890           12.5363940           -0.2141902           -0.3506312            0.0108169
0           -0.0024831            8.7324156            0.0361483            0.1504187            0.0970413           -0.6007548
0            0.0291017            8.7438557            6.2889230           -0.1954399            0.0101487           -0.2505535
0            0.0087424            8.7607940           12.5370327           -0.0019461            0.1394594           -0.4260832
0           -1.8935192           12.0556252           18.7513724            0.0301581           -0.3461177            0.1969022
0           -1.9217895           12.0195254            6.2879929            0.3228724            0.3109068           -0.3091482
0           -1.8956970           12.0409383           12.5127787           -0.0097138           -0.0695179           -0.2790640
0            7.5678065            2.1659773           18.7362760            0.0985462            0.4683477            0.4623877
0            7.5570835            2.1810133            6.2715984           -0.0258021            0.1206968           -0.4433348
0            7.5845558            2.1916215           12.4901006           -0.1351455           -0.1789341            0.2112186
0            5.6984683            5.4713230           18.7281717           -0.1350794            0.0749657            0.2355156
0            5.6759075            5.4817110            6.2270004            0.1203423           -0.2098603            0.4757491
0            5.6875971            5.4727337           12.4792310           -0.1966224            0.1089940            0.4913806
0            3.7955480            8.7788135            0.0203370           -0.1836203           -0.4932307           -0.1718306
0            3.7870345            8.7695950            6.2337645            0.1672964           -0.0469370            0.5057406
0            3.7860544            8.7617662           12.5186144           -0.0104435           -0.0420675           -0.0978064
0            1.9216290           12.0136136           18.7418722           -0.4338812            0.4019098            0.3403116
0            1.8955348           12.0369376            6.2560024           -0.0384857           -0.0073246            0.1271241
0            1.9067233           12.0671545           12.5061617           -0.0200522           -0.3357319           -0.0950557
0           11.3661344            2.2036390           18.7512604            0.1814265           -0.1969903            0.2422615
0           11.3601181            2.1784206            6.2163622           -0.0476523            0.0344567            0.5258293
0           11.3708626            2.1805638           12.5197754            0.2153437            0.0201274           -0.0145140
0            9.5124820            5.4767580            0.0010936           -0.3576229            0.1943336           -0.1308310
0            9.4766966            5.4749136            6.2123167           -0.0269827           -0.0988119            0.5417528
0            9.4791411            5.4726743           12.4762690            0.1149813           -0.0474675            0.1131408
0            7.5737414            8.7635222           18.7578759            0.1645063           -0.1386989           -0.2048464
0            7.5817572            8.7576288            6.2352660           -0.0317919           -0.0555644            0.0922097
0            7.6203084            8.7805165           12.5246243           -0.4244851           -0.2888685           -0.0053775
0            5.7086876           12.0452274           18.7403998           -0.3393473           -0.0419139            0.4817663
0            5.6909372           12.0365557            6.2638998           -0.0994525            0.2277386           -0.0211688
0            5.6937583           12.0382227           12.5096973            0.0358711           -0.2349480            0.0691283
0            1.8937483            1.0944422            3.0880436           -0.1654415            0.0416521            0.1655994
0            1.8967675            1.1109097            9.3769966            0.0239234           -0.2372506            0.2951771
0            1.8903010            1.0990802           15.6295347           -0.0073051            0.0252344           -0.0439089
0            0.0336195            4.4092323            3.1223308           -0.2168019           -0.6536468            0.3085683
0           -0.0094784            4.3801726            9.4050131           -0.0795946            0.0223972           -0.1942207
0           -0.0014843            4.3774639           15.6405831            0.2057637           -0.0719998            0.0129678
0           -1.8978892            7.6869962            3.1004351            0.1450573           -0.3519199            0.3936274
0           -1.9019740            7.7027071            9.3799421            0.0830520           -0.3287730            0.1461319
0           -1.8705133            7.6569008           15.5989372           -0.2647769            0.2147085            0.3389486
0           -3.7970924           10.9339793            3.1245051            0.0913550            0.1860998            0.0392844
0           -3.7787378           10.9161648            9.3712343           -0.0742906            0.2776576            0.2875677
0           -3.7986240           10.9202667           15.6374965            0.0736770            0.5537778           -0.2171728
0            5.6868740            1.0811075            3.1069415            0.1396867            0.2331572           -0.0938193
0            5.6965991            1.0898769            9.4042937           -0.1101594            0.0373916           -0.0914727
0            5.6867577            1.0821461           15.6461345           -0.0782582           -0.0618109            0.0150842
0            3.8323045            4.3780146            3.1204637           -0.2513065            0.0610857           -0.0800674
0            3.8086301            4.4020329            9.4131755           -0.3829127           -0.1318964           -0.3397899
0            3.8045718            4.3783406           15.6177310            0.0229372           -0.0816052            0.2859238
0            1.8935365            7.6634504            3.1680823           -0.0057041            0.0147658           -0.3482466
0            1.9176599            7.6380138            9.3793842           -0.2016477            0.2197345            0.1234753
0            1.8966952            7.6620925           15.6407203            0.1435231            0.2718782           -0.2694910
0            0.0165788           10.9760993            3.1226036           -0.1350347           -0.2306707            0.2599653
0            0.0031085           10.9696879            9.3832206            0.0978755           -0.5522306           -0.2246537
0            0.0013240           10.9429537           15.6308382           -0.0562390            0.1749760            0.1115786
0            9.4773675            1.0940433            3.1309211            0.1005642            0.0298408            0.1990305
0            9.4426107            1.1280156            9.3908720            0.5257820           -0.3657735            0.0491599
0            9.4896307            1.0755142           15.6450606           -0.2543258            0.1945553            0.0999944
0            7.5894003            4.3723432            3.1019000           -0.1430745            0.0655861            0.3168629
0            7.5832937            4.3782425            9.3887738            0.1446503           -0.1753603            0.2065595
0            7.5745305            4.3810376           15.6291021            0.3032760           -0.3451790            0.0463970
0            5.6931656            7.6795836            3.1229477            0.0148688           -0.1396784            0.0986576
0            5.6835201            7.6283468            9.3474550            0.0561332            0.4342726            0.5936513
0            5.6985234            7.6666456           15.6500781           -0.2406846           -0.0404670           -0.1908429
0            3.7649258           10.9248155            3.1510126            0.2750813            0.1509924           -0.2064850
0            3.7896681           10.9713104            9.3612007           -0.0563410           -0.2524528            0.2882602
0            3.7893672           10.9710940           15.5998390            0.1003512           -0.0545452            0.5550822
0           13.2775254            1.1183222            3.1401394           -0.1339259           -0.1553475           -0.2685988
0           13.2753168            1.1042406            9.3488332           -0.0483015           -0.0655581            0.3206880
0           13.2717047            1.0932135           15.5993936           -0.0230467            0.1321556            0.4581622
0           11.3735452            4.3814791            3.1067700            0.1573105            0.0041961            0.3832342
0           11.3750460            4.3782242            9.3841523            0.1820307            0.0943463           -0.0127183
0           11.3785783            4.3813474           15.6667530           -0.0613155            0.1190669           -0.4088468
0            9.4819027            7.6364235            3.1416186           -0.2224926            0.3433636           -0.1660562
0            9.4647848            7.6636700            9.3592668           -0.0578905            0.0840733            0.2577807
0            9.4764228            7.6590932           15.6428318            0.2213577           -0.1810326           -0.2758672
0            7.5849114           10.9450913            3.1368347           -0.2886370            0.1978224           -0.0045868
0            7.5838610           10.9448465            9.3833167            0.1026047           -0.1290804           -0.2914479
0            7.5591305           10.9407648           15.6622298            0.4121742           -0.0440540           -0.2115005
1           -0.0148230            2.1747471            2.2989070            0.2244709            0.4017005            0.4028456
1            0.0035215            2.1922175            8.5881667            0.0264971            0.0829800           -0.1494105
1           -0.0148809            2.1937847           14.8402979            0.2119934            0.0625561           -0.1552614
1           -1.8559337            5.4568351            2.3411562           -0.4370319            0.3135683           -0.0231886
1           -1.8880752            5.5035232            8.5708828           -0.1274808           -0.1563907            0.7834504
1           -1.8659540            5.4692596           14.8462105           -0.3678608           -0.0161250            0.0123182
1           -3.7895294            8.7581160            2.3328900           -0.2507602           -0.1014878            0.2301681
1           -3.7914676            8.7563803            8.5933958           -0.1661046           -0.0970991           -0.3249281
1           -3.8055926            8.7877337           14.8487529            0.2081962           -0.6787956            0.0321342
1           -5.6881835           12.0366267            2.3388319            0.0309696           -0.0741537            0.0973679
1           -5.6730437           12.0300052            8.5754304           -0.0525434            0.1453839            0.3788034
1           -5.6901036           12.0467870           14.8406311           -0.1229597           -0.1978695            0.2127794
1            3.7881484            2.1820366            2.3415905            0.1289238            0.1170049            0.0700494
1            3.7923795            2.1925593            8.6011393            0.1687427            0.1421406           -0.2723343
1            3.7975175            2.1874735           14.8581289           -0.0603477           -0.0164898           -0.2607116
1            1.8921803            5.4705403            2.3671451            0.5271848            0.1968986           -0.4005388
1            1.8673130            5.4869341            8.5877463            0.4297575           -0.4180836            0.1552658
1            1.9100203            5.4849965           14.8880526           -0.1211321           -0.1398905           -0.3915927
1            0.0032788            8.7598005            2.3232670            0.1491553            0.1706252            0.5153274
1            0.0107063            8.7250917            8.5892003            0.1264256            0.5012899            0.3949690
1            0.0149173            8.7796100           14.8349819            0.0101121           -0.2289730            0.2389618
1           -1.9008259           12.0484615            2.3409773            0.0097421           -0.2593545           -0.2114290
1           -1.8804906           12.0290197            8.6010391           -0.2709647            0.1691140            0.1197189
1           -1.8921796           12.0354312           14.8193089           -0.1110606           -0.0836300            0.4130776
1            7.6025670            2.1983225            2.3495740           -0.2775110           -0.2267225           -0.4224532
1            7.5981741            2.1670760            8.5567849           -0.5209168            0.4234116            0.5783132
1            7.5582998            2.1585770           14.8275659            0.3707006            0.2494802            0.2394603
1            5.7039426            5.4852646            2.3194759            0.0069903            0.0356225           -0.0955925
1            5.6974764            5.4786362            8.6319478           -0.0676853           -0.3806346           -0.7399787
1            5.7064876            5.4587599           14.8731257           -0.2816197            0.3450556           -0.5084169
1            3.7940687            8.7515546            2.3404583           -0.1903917           -0.0663972            0.1364479
1            3.7979354            8.7413958            8.6223759           -0.0560844            0.2984061           -0.5070908
1            3.7941316            8.7948336           14.8392409            0.0596995           -0.4373601            0.1803630
1            1.9116056           12.0461564            2.3492206           -0.1124767            0.0019053           -0.2987853
1            1.8817792           12.0500269            8.6010896            0.1860909            0.1818493           -0.0986156
1            1.8965618           12.0345683           14.8341347           -0.1021865            0.1075636            0.0787634
1           11.3742604            2.1892103            2.3354109           -0.0200612            0.0524343           -0.0411247
1           11.3722891            2.1855587            8.6130160           -0.1116238            0.0329902           -0.4496879
1           11.3723708            2.1888425           14.8564872           -0.0319483            0.0556668           -0.0275605
1            9.4687828            5.4696323            2.3300015            0.2192791            0.0405200            0.0009315
1            9.4809578            5.4750308            8.5997223           -0.0614596           -0.0696237           -0.2839803
1            9.4724501            5.4651315           14.8033469            0.1778032            0.0478352            0.4325228
1            7.5645144            8.7802551            2.3016718            0.3972165           -0.2603019            0.4273156
1            7.5513782            8.7510890            8.5610893            0.2574129            0.0827874            0.2182983
1            7.5954936            8.7397539           14.8698964           -0.1226520            0.3134411           -0.1551968
1            5.6579200           12.0603206            2.3599100            0.2108445           -0.2089690           -0.2425634
1            5.6944366           12.0433248            8.6082073           -0.0035117            0.0391307           -0.2707347
1            5.7095052           12.0517019           14.8587239           -0.2049426           -0.1468131           -0.2389935
1            1.9070419            1.1192272            5.4381230           -0.1025686           -0.5629709           -0.0903383
1            1.9029580            1.1032694           11.7655621           -0.0396407           -0.2276771           -0.6717486
1            1.8968631            1.0923329           17.9625151            0.0335836            0.0390363            0.1878994
1            0.0067326            4.3781483            5.4877651           -0.0262089            0.1663375           -0.2724706
1           -0.0065864            4.3342888           11.7275702            0.1681237            0.8081185            0.0369883
1            0.0171855            4.3874870           17.9670310           -0.2508872           -0.1256754            0.1183786
1           -1.8918288            7.6669451            5.4939069            0.2455777           -0.1329929           -0.5197754
1           -1.8825316            7.6581005           11.7356133            0.0100993            0.1152956           -0.1788986
1           -1.8948597            7.6597966           17.9818594           -0.0912537           -0.0022026           -0.2014491
1           -3.7902868           10.9451168            5.4670831           -0.1581809           -0.0134941           -0.1345600
1           -3.8079599           10.9345919           11.7382850            0.2489861           -0.0233253           -0.2942539
1           -3.7687549           10.9433917           17.9379491           -0.3013194           -0.1211179            0.6516714
1            5.6884424            1.0952967            5.4175409           -0.1437183           -0.2553485            0.5379180
1            5.6494483            1.1115423           11.7449042            0.6046570           -0.2893277           -0.3353903
1            5.7008755            1.0783596           17.9932994           -0.3873313            0.2522028           -0.2613057
1            3.7939099            4.3730127            5.4510999            0.0691632            0.0445831            0.0524446
1            3.7781521            4.3743426           11.7220797            0.0299939            0.1106140            0.2265288
1            3.7916213            4.3782150           17.9781510            0.1009340           -0.1744120           -0.0947879
1            1.9176317            7.6708442            5.4762514           -0.1869515           -0.2565950            0.0957484
1            1.8925103            7.6619079           11.7188262           -0.0035829            0.1100847            0.0068515
1            1.9009941            7.6522447           17.9336083            0.0255332            0.1375324            0.7418762
1            0.0004935           10.9300600            5.5059294           -0.1122573            0.0779118           -0.4063731
1            0.0122301           10.9579150           11.6880031           -0.0715812           -0.0519449            0.4619524
1           -0.0032966           10.9399892           17.9747942            0.0810722           -0.1188849            0.0422385
1            9.4422819            1.0934840            5.4918264            0.2134363           -0.0479012           -0.3486301
1            9.4848476            1.0978699           11.7301243           -0.1627085            0.1628440           -0.1889677
1            9.4722180            1.1225792           18.0084878            0.1433502           -0.5348036           -0.4146772
1            7.5832577            4.3778951            5.4695743           -0.1061979           -0.0676260           -0.2112951
1            7.5759840            4.3770445           11.7678759            0.1081906           -0.0561991           -0.6749276
1            7.5897122            4.3919204           17.9744123            0.2189081           -0.2159159           -0.0590307
1            5.6852855            7.6564207            5.4780323           -0.0118093            0.2060843           -0.3119846
1            5.6727804            7.6666962           11.7303001            0.3826088            0.1231774           -0.2134795
1            5.6829935            7.6707796           17.9729055           -0.0294554            0.0314269            0.1056894
1            3.7928858           10.9446352            5.4634192            0.0014537            0.1329328            0.1936691
1            3.8013140           10.9424345           11.7257065           -0.1211084            0.1127807           -0.1664539
1            3.7763852           10.9250426           18.0133056            0.5300525            0.3145134           -0.7895955
1           13.2648559            1.1153837            5.4427451            0.2213897           -0.2267029            0.3982574
1           13.2645250            1.0561348           11.7115427            0.1172605            0.4709310           -0.0882011
1           13.2706067            1.0942610           17.9779073           -0.0854146            0.1158347           -0.3424255
1           11.3764211            4.3787621            5.5061186            0.0811247            0.0330855           -0.6311307
1           11.3859936            4.3686005           11.7327577           -0.0698860            0.0445295           -0.1637015
1           11.3709667            4.3735438           17.9796340            0.2086793            0.1119105            0.0578226
1            9.4773165            7.6586527            5.4768824            0.0487956            0.1323263           -0.1874714
1            9.4785437            7.6576445           11.7355645            0.1302268            0.0907584           -0.3872026
1            9.5086284            7.6835342           17.9482306           -0.5037185           -0.3168826            0.3867282
1            7.5762959           10.9437106            5.4878004            0.1493667            0.0599837           -0.2881990
1            7.5803502           10.9352494           11.6880585            0.1610926            0.2320185            0.4154093
1            7.5824337           10.9455902           17.9770504            0.1661881            0.0248933            0.1060392
