4
         -23.4342913
         -27.3272455         -133.6688358          -11.8477323           33.5166034            0.0000000            0.0000000
           3.7995820            0.0000000            0.0000000
          -2.0517743            3.5537773            0.0000000
           0.0000000            0.0000000            6.2862996
0           -0.1013222            2.3691849            0.0000000
0            1.8491299            1.1845924            3.1431498
0           -0.1013222            2.3691849            2.3501882
0            1.8491299            1.1845924            5.4933380
