4
         -23.2476341
          49.6610585          239.4123354           22.9066064          -48.5014093            0.0000000            0.0000000
           3.7995820            0.0000000            0.0000000
          -1.7478077            3.0272917            0.0000000
           0.0000000            0.0000000            6.2862996
0            0.1013222            2.0181945            0.0000000
0            1.9504521            1.0090972            3.1431498
0            0.1013222            2.0181945            2.3501882
0            1.9504521            1.0090972            5.4933380
