4
         -23.6808711
          14.9229522           75.5236309            6.9803689          -16.7833945            0.0000000            0.0000000
           3.7995820            0.0000000            0.0000000
          -1.8427973            3.1918185            0.0000000
           0.0000000            0.0000000            6.2862996
0            0.0379958            2.1278790            0.0000000
0            1.9187889            1.0639395            3.1431498
0            0.0379958            2.1278790            2.3501882
0            1.9187889            1.0639395            5.4933380
