4
         -23.1034544
          59.0731045          277.5510825           26.5801396          -54.8646081            0.0000000            0.0000000
           3.7995820            0.0000000            0.0000000
          -1.7288098            2.9943864            0.0000000
           0.0000000            0.0000000            6.2862996
0            0.1139874            1.9962576            0.0000000
0            1.9567847            0.9981288            3.1431498
0            0.1139874            1.9962576            2.3501882
0            1.9567847            0.9981288            5.4933380
