4
         -23.5661071
         -21.8994049         -107.9976862           -9.6537439           26.5558809            0.0000000            0.0000000
           3.7995820            0.0000000            0.0000000
          -2.0137784            3.4879666            0.0000000
           0.0000000            0.0000000            6.2862996
0           -0.0759917            2.3253111            0.0000000
0            1.8617952            1.1626555            3.1431498
0           -0.0759917            2.3253111            2.3501882
0            1.8617952            1.1626555            5.4933380
