4
         -23.7173927
           9.5273811           48.5912904            4.4763562          -10.9611230            0.0000000            0.0000000
           3.7995820            0.0000000            0.0000000
          -1.8617952            3.2247238            0.0000000
           0.0000000            0.0000000            6.2862996
0            0.0253305            2.1498159            0.0000000
0            1.9124563            1.0749079            3.1431498
0            0.0253305            2.1498159            2.3501882
0            1.9124563            1.0749079            5.4933380
