4
         -22.9379513
          68.9644493          318.3834978           30.8728581          -61.3074179            0.0000000            0.0000000
           3.7995820            0.0000000            0.0000000
          -1.7098119            2.9614811            0.0000000
           0.0000000            0.0000000            6.2862996
0            0.1266527            1.9743207            0.0000000
0            1.9631174            0.9871603            3.1431498
0            0.1266527            1.9743207            2.3501882
0            1.9631174            0.9871603            5.4933380
