4
         -23.3713655
          41.6141139          202.3862077           19.1261581          -41.8527612            0.0000000            0.0000000
           3.7995820            0.0000000            0.0000000
          -1.7668056            3.0601971            0.0000000
           0.0000000            0.0000000            6.2862996
0            0.0886569            2.0401314            0.0000000
0            1.9441195            1.0200657            3.1431498
0            0.0886569            2.0401314            2.3501882
0            1.9441195            1.0200657            5.4933380
