4
         -23.7290002
          -8.2327944          -41.9035176           -3.6614050            9.9772160            0.0000000            0.0000000
           3.7995820            0.0000000            0.0000000
          -1.9377868            3.3563452            0.0000000
           0.0000000            0.0000000            6.2862996
0           -0.0253306            2.2375635            0.0000000
0            1.8871257            1.1187817            3.1431498
0           -0.0253306            2.2375635            2.3501882
0            1.8871257            1.1187817            5.4933380
