4
         -23.6661955
         -15.4107629          -77.7529197           -6.7587327           18.8762506            0.0000000            0.0000000
           3.7995820            0.0000000            0.0000000
          -1.9757826            3.4221559            0.0000000
           0.0000000            0.0000000            6.2862996
0           -0.0506611            2.2814373            0.0000000
0            1.8744605            1.1407186            3.1431498
0           -0.0506611            2.2814373            2.3501882
0            1.8744605            1.1407186            5.4933380
