4
         -23.6204553
         -18.7588939          -93.5141347           -8.2612217           22.8303597            0.0000000            0.0000000
           3.7995820            0.0000000            0.0000000
          -1.9947805            3.4550612            0.0000000
           0.0000000            0.0000000            6.2862996
0           -0.0633264            2.3033742            0.0000000
0            1.8681278            1.1516871            3.1431498
0           -0.0633264            2.3033742            2.3501882
0            1.8681278            1.1516871            5.4933380
