4
         -23.3579842
         -29.8169587         -144.7829278          -12.9278918           36.5856694            0.0000000            0.0000000
           3.7995820            0.0000000            0.0000000
          -2.0707722            3.5866826            0.0000000
           0.0000000            0.0000000            6.2862996
0           -0.1139875            2.3911218            0.0000000
0            1.8427973            1.1955609            3.1431498
0           -0.1139875            2.3911218            2.3501882
0            1.8427973            1.1955609            5.4933380
