4
         -23.5608008
          27.4919022          134.5800593           12.3328043          -28.9008053            0.0000000            0.0000000
           3.7995820            0.0000000            0.0000000
          -1.8048014            3.1260078            0.0000000
           0.0000000            0.0000000            6.2862996
0            0.0633263            2.0840052            0.0000000
0            1.9314542            1.0420026            3.1431498
0            0.0633263            2.0840052            2.3501882
0            1.9314542            1.0420026            5.4933380
