4
         -23.5038809
         -24.7105099         -121.3916543          -10.8098813           30.1508048            0.0000000            0.0000000
           3.7995820            0.0000000            0.0000000
          -2.0327763            3.5208719            0.0000000
           0.0000000            0.0000000            6.2862996
0           -0.0886569            2.3472480            0.0000000
0            1.8554625            1.1736240            3.1431498
0           -0.0886569            2.3472480            2.3501882
0            1.8554625            1.1736240            5.4933380
