4
         -23.7026186
         -11.9195026          -60.5671503           -5.2400206           14.5869342            0.0000000            0.0000000
           3.7995820            0.0000000            0.0000000
          -1.9567847            3.3892505            0.0000000
           0.0000000            0.0000000            6.2862996
0           -0.0379958            2.2595004            0.0000000
0            1.8807931            1.1297502            3.1431498
0           -0.0379958            2.2595004            2.3501882
0            1.8807931            1.1297502            5.4933380
