4
         -19.4746941
         214.5405244          330.4273083          361.9332349          -31.1351869            0.0000000            0.0000000
           3.6399613            0.0000000            0.0000000
          -1.7441481            3.0209532            0.0000000
           0.0000000            0.0000000            5.7556676
0            0.0505550            2.0139688            0.0000000
0            1.8452582            1.0069844            2.8778338
1            0.0505550            2.0139688            2.1507336
1            1.8452582            1.0069844            5.0285674
