4
         -20.6781068
         -42.8517684          -62.4961215          -65.6649682            5.7538994            0.0000000            0.0000000
           3.8485008            0.0000000            0.0000000
          -1.9526876            3.3821541            0.0000000
           0.0000000            0.0000000            6.4438453
0           -0.0189582            2.2547694            0.0000000
0            1.9147713            1.1273847            3.2219226
1           -0.0189582            2.2547694            2.4078865
1            1.9147713            1.1273847            5.6298092
