4
         -19.7558615
         -97.1735179         -137.0869031         -140.6426468           11.9078295            0.0000000            0.0000000
           3.9812077            0.0000000            0.0000000
          -2.0853945            3.6120092            0.0000000
           0.0000000            0.0000000            6.8817765
0           -0.0631938            2.4080062            0.0000000
0            1.9590070            1.2040031            3.4408883
1           -0.0631938            2.4080062            2.5715293
1            1.9590070            1.2040031            6.0124176
