4
         -20.7498679
          18.0121304           26.7515414           28.3937287           -2.5075362            0.0000000            0.0000000
           3.7726682            0.0000000            0.0000000
          -1.8768551            3.2508083            0.0000000
           0.0000000            0.0000000            6.1935988
0            0.0063194            2.1672056            0.0000000
0            1.8894938            1.0836028            3.0967994
1            0.0063194            2.1672056            2.3143764
1            1.8894938            1.0836028            5.4111758
