4
         -18.6371832
         301.8252574          469.5206079          518.1845752          -43.9197615            0.0000000            0.0000000
           3.6020451            0.0000000            0.0000000
          -1.7062319            2.9552803            0.0000000
           0.0000000            0.0000000            5.6305444
0            0.0631938            1.9701869            0.0000000
0            1.8326194            0.9850934            2.8152722
1            0.0631938            1.9701869            2.1039785
1            1.8326194            0.9850934            4.9192507
