4
         -20.4975238
         -63.8936482          -92.4204194          -96.5257795            8.4129845            0.0000000            0.0000000
           3.8864170            0.0000000            0.0000000
          -1.9906038            3.4478270            0.0000000
           0.0000000            0.0000000            6.5689685
0           -0.0315969            2.2985513            0.0000000
0            1.9274101            1.1492757            3.2844842
1           -0.0315969            2.2985513            2.4546416
1            1.9274101            1.1492757            5.7391259
