4
         -20.6927426
          38.0718999           56.8064029           60.6353049           -5.3526603            0.0000000            0.0000000
           3.7537101            0.0000000            0.0000000
          -1.8578969            3.2179719            0.0000000
           0.0000000            0.0000000            6.1310373
0            0.0126387            2.1453146            0.0000000
0            1.8831744            1.0726573            3.0655186
1            0.0126387            2.1453146            2.2909989
1            1.8831744            1.0726573            5.3565175
