4
         -20.0723890
         143.3332582          218.3272638          237.2157585          -20.6230591            0.0000000            0.0000000
           3.6778776            0.0000000            0.0000000
          -1.7820644            3.0866261            0.0000000
           0.0000000            0.0000000            5.8807908
0            0.0379162            2.0577507            0.0000000
0            1.8578969            1.0288753            2.9403954
1            0.0379162            2.0577507            2.1974887
1            1.8578969            1.0288753            5.1378841
