4
         -20.5979894
         -54.0390174          -78.4772544          -82.2443772            7.1843553            0.0000000            0.0000000
           3.8674589            0.0000000            0.0000000
          -1.9716457            3.4149905            0.0000000
           0.0000000            0.0000000            6.5064069
0           -0.0252775            2.2766604            0.0000000
0            1.9210907            1.1383302            3.2532034
1           -0.0252775            2.2766604            2.4312641
1            1.9210907            1.1383302            5.6844675
