4
         -20.3787015
         -72.5563369         -104.5231537         -108.7543813            9.4391048            0.0000000            0.0000000
           3.9053752            0.0000000            0.0000000
          -2.0095620            3.4806634            0.0000000
           0.0000000            0.0000000            6.6315301
0           -0.0379163            2.3204423            0.0000000
0            1.9337295            1.1602211            3.3157650
1           -0.0379163            2.3204423            2.4780192
1            1.9337295            1.1602211            5.7937842
