4
         -19.9303949
         -92.3865425         -131.0208255         -134.8748872           11.5108715            0.0000000            0.0000000
           3.9622496            0.0000000            0.0000000
          -2.0664364            3.5791728            0.0000000
           0.0000000            0.0000000            6.8192149
0           -0.0568744            2.3861152            0.0000000
0            1.9526876            1.1930576            3.4096075
1           -0.0568744            2.3861152            2.5481518
1            1.9526876            1.1930576            5.9577592
