4
         -20.7356993
         -30.2708995          -44.3176893          -46.6778876            4.1042924            0.0000000            0.0000000
           3.8295426            0.0000000            0.0000000
          -1.9337294            3.3493177            0.0000000
           0.0000000            0.0000000            6.3812837
0           -0.0126388            2.2328784            0.0000000
0            1.9084520            1.1164392            3.1906418
1           -0.0126388            2.2328784            2.3845090
1            1.9084520            1.1164392            5.5751508
