4
         -20.4678179
          85.2347840          128.5147698          138.5767646          -12.1320327            0.0000000            0.0000000
           3.7157938            0.0000000            0.0000000
          -1.8199807            3.1522990            0.0000000
           0.0000000            0.0000000            6.0059140
0            0.0252775            2.1015327            0.0000000
0            1.8705357            1.0507663            3.0029570
1            0.0252775            2.1015327            2.2442438
1            1.8705357            1.0507663            5.2472008
