4
         -20.0934248
         -86.7181380         -123.6283321         -127.6590454           10.9752792            0.0000000            0.0000000
           3.9432914            0.0000000            0.0000000
          -2.0474782            3.5463363            0.0000000
           0.0000000            0.0000000            6.7566533
0           -0.0505550            2.3642242            0.0000000
0            1.9463682            1.1821121            3.3783266
1           -0.0505550            2.3642242            2.5247742
1            1.9463682            1.1821121            5.9031009
