4
         -19.0885433
         255.9922391          396.3652115          435.7610339          -37.2348717            0.0000000            0.0000000
           3.6210032            0.0000000            0.0000000
          -1.7251900            2.9881167            0.0000000
           0.0000000            0.0000000            5.6931060
0            0.0568744            1.9920778            0.0000000
0            1.8389388            0.9960389            2.8465530
1            0.0568744            1.9920778            2.1273561
1            1.8389388            0.9960389            4.9739091
