4
         -20.2433551
         -80.1847300         -114.8831152         -118.9877490           10.2781987            0.0000000            0.0000000
           3.9243333            0.0000000            0.0000000
          -2.0285201            3.5134999            0.0000000
           0.0000000            0.0000000            6.6940917
0           -0.0442357            2.3423333            0.0000000
0            1.9400488            1.1711666            3.3470458
1           -0.0442357            2.3423333            2.5013967
1            1.9400488            1.1711666            5.8484426
