4
         -17.3998179
         146.1957885          146.1957885           32.0233495            0.0000000           -0.0000000            0.0000000
           3.9858671            0.0000000            0.0000000
          -1.9929335            3.4518621            0.0000000
           0.0000000            0.0000000            6.9727034
0           -0.0000000            2.3012414            0.0000000
0            1.9929336            1.1506207            3.4863517
1           -0.0000000            2.3012414            2.6093398
1            1.9929336            1.1506207            6.0956915
