4
         -17.8194866
          60.8721276           60.8721276           13.0485602            0.0000000            0.0000000            0.0000000
           4.1130756            0.0000000            0.0000000
          -2.0565378            3.5620280            0.0000000
           0.0000000            0.0000000            6.9727034
0           -0.0000000            2.3746853            0.0000000
0            2.0565378            1.1873426            3.4863517
1           -0.0000000            2.3746853            2.6093398
1            2.0565378            1.1873426            6.0956915
