4
         -17.6718491
         -70.7012113          -70.7012113          -14.5457387            0.0000000            0.0000000            0.0000000
           4.4947012            0.0000000            0.0000000
          -2.2473506            3.8925254            0.0000000
           0.0000000            0.0000000            6.9727034
0           -0.0000000            2.5950169            0.0000000
0            2.2473506            1.2975085            3.4863517
1           -0.0000000            2.5950169            2.6093398
1            2.2473506            1.2975085            6.0956915
