4
         -17.9396797
          18.0095288           18.0095288            3.8049079            0.0000000            0.0000000            0.0000000
           4.1978813            0.0000000            0.0000000
          -2.0989406            3.6354718            0.0000000
           0.0000000            0.0000000            6.9727034
0           -0.0000000            2.4236479            0.0000000
0            2.0989407            1.2118239            3.4863517
1           -0.0000000            2.4236479            2.6093398
1            2.0989407            1.2118239            6.0956915
