4
         -16.6114394
         264.6135646          264.6135646           59.9896675            0.0000000            0.0000000            0.0000000
           3.8586585            0.0000000            0.0000000
          -1.9293293            3.3416963            0.0000000
           0.0000000            0.0000000            6.9727034
0           -0.0000000            2.2277976            0.0000000
0            1.9293293            1.1138988            3.4863517
1           -0.0000000            2.2277976            2.6093398
1            1.9293293            1.1138988            6.0956915
