4
         -17.9341594
         -29.8555901          -29.8555901           -6.1564274            0.0000000            0.0000000            0.0000000
           4.3250898            0.0000000            0.0000000
          -2.1625449            3.7456376            0.0000000
           0.0000000            0.0000000            6.9727034
0           -0.0000000            2.4970918            0.0000000
0            2.1625449            1.2485459            3.4863517
1           -0.0000000            2.4970918            2.6093398
1            2.1625449            1.2485459            6.0956915
