4
         -17.3419236
         -89.0644501          -89.0644501          -18.5648222            0.0000000           -0.0000000           -0.0000000
           4.6219097            0.0000000            0.0000000
          -2.3109548            4.0026912            0.0000000
           0.0000000            0.0000000            6.9727034
0           -0.0000000            2.6684608            0.0000000
0            2.3109549            1.3342304            3.4863517
1           -0.0000000            2.6684608            2.6093398
1            2.3109549            1.3342304            6.0956915
