4
         -17.5722459
         -77.8198114          -77.8198114          -16.0243138            0.0000000            0.0000000            0.0000000
           4.5371040            0.0000000            0.0000000
          -2.2685520            3.9292473            0.0000000
           0.0000000            0.0000000            6.9727034
0           -0.0000000            2.6194982            0.0000000
0            2.2685520            1.3097491            3.4863517
1           -0.0000000            2.6194982            2.6093398
1            2.2685520            1.3097491            6.0956915
