4
         -17.2137752
         -93.3293271          -93.3293271          -19.5820512            0.0000000            0.0000000            0.0000000
           4.6643125            0.0000000            0.0000000
          -2.3321563            4.0394131            0.0000000
           0.0000000            0.0000000            6.9727034
0           -0.0000000            2.6929421            0.0000000
0            2.3321563            1.3464710            3.4863517
1           -0.0000000            2.6929421            2.6093398
1            2.3321563            1.3464710            6.0956915
