4
         -17.8936326
          38.2150278           38.2150278            8.1457750            0.0000000            0.0000000            0.0000000
           4.1554784            0.0000000            0.0000000
          -2.0777392            3.5987499            0.0000000
           0.0000000            0.0000000            6.9727034
0           -0.0000000            2.3991666            0.0000000
0            2.0777392            1.1995833            3.4863517
1           -0.0000000            2.3991666            2.6093398
1            2.0777392            1.1995833            6.0956915
