4
         -17.8333078
         -52.9792381          -52.9792381          -10.9193237            0.0000000            0.0000000            0.0000000
           4.4098955            0.0000000            0.0000000
          -2.2049477            3.8190815            0.0000000
           0.0000000            0.0000000            6.9727034
0           -0.0000000            2.5460544            0.0000000
0            2.2049478            1.2730272            3.4863517
1           -0.0000000            2.5460544            2.6093398
1            2.2049478            1.2730272            6.0956915
