4
         -16.9218249
         220.8937139          220.8937139           49.5190910            0.0000000            0.0000000           -0.0000000
           3.9010614            0.0000000            0.0000000
          -1.9505307            3.3784183            0.0000000
           0.0000000            0.0000000            6.9727034
0           -0.0000000            2.2522789            0.0000000
0            1.9505307            1.1261394            3.4863517
1           -0.0000000            2.2522789            2.6093398
1            1.9505307            1.1261394            6.0956915
