4
         -17.8922057
         -42.1559330          -42.1559330           -8.6665724            0.0000000            0.0000000            0.0000000
           4.3674926            0.0000000            0.0000000
          -2.1837463            3.7823596            0.0000000
           0.0000000            0.0000000            6.9727034
0           -0.0000000            2.5215731            0.0000000
0            2.1837463            1.2607865            3.4863517
1           -0.0000000            2.5215731            2.6093398
1            2.1837463            1.2607865            6.0956915
