4
         -17.4617541
         -83.9212053          -83.9212053          -17.4068667            0.0000000           -0.0000000            0.0000000
           4.5795068            0.0000000            0.0000000
          -2.2897534            3.9659693            0.0000000
           0.0000000            0.0000000            6.9727034
0           -0.0000000            2.6439795            0.0000000
0            2.2897534            1.3219897            3.4863517
1           -0.0000000            2.6439795            2.6093398
1            2.2897534            1.3219897            6.0956915
