4
         -17.5756751
         114.4904017          114.4904017           24.8044007            0.0000000            0.0000000            0.0000000
           4.0282699            0.0000000            0.0000000
          -2.0141350            3.4885841            0.0000000
           0.0000000            0.0000000            6.9727034
0           -0.0000000            2.3257227            0.0000000
0            2.0141350            1.1628613            3.4863517
1           -0.0000000            2.3257227            2.6093398
1            2.0141350            1.1628613            6.0956915
