402 201
2
2
2
2
2
2
2
2
2
2
2
2
2
2
2
2
2
2
2
2
2
2
2
2
2
2
2
2
2
2
2
2
2
2
2
2
2
2
2
2
2
2
2
2
2
2
2
2
2
2
2
2
2
2
2
2
2
2
2
2
2
2
2
2
2
2
2
2
2
2
2
2
2
2
2
2
2
2
2
2
2
2
2
2
2
2
2
2
2
2
2
2
2
2
2
2
2
2
2
2
2
2
2
2
2
2
2
2
2
2
2
2
2
2
2
2
2
2
2
2
2
2
2
2
2
2
2
2
2
2
2
2
2
2
2
2
2
2
2
2
2
2
2
2
2
2
2
2
2
2
2
2
2
2
2
2
2
2
2
2
2
2
2
2
2
2
2
2
2
2
2
2
2
2
2
2
2
2
2
2
2
2
2
2
2
2
2
2
2
2
2
2
2
2
2
2
2
2
2
2
2
2
2
2
2
2
2
2
2
2
2
2
2
2
2
2
2
2
2
2
2
2
2
2
2
2
2
2
2
2
2
2
2
2
2
2
2
2
2
2
2
2
2
2
2
2
2
2
2
2
2
2
2
2
2
2
2
2
2
2
2
2
2
2
2
2
2
2
2
2
2
2
2
2
2
2
2
2
2
2
2
2
2
2
2
2
2
2
2
2
2
2
2
2
2
2
2
2
2
2
2
2
2
2
2
2
2
2
2
2
2
2
2
2
2
2
2
2
2
2
2
2
2
2
2
2
2
2
2
2
2
2
2
2
2
2
2
2
2
2
2
2
2
2
2
2
2
2
2
2
2
2
2
2
2
2
2
2
2
2
2
2
2
2
2
2
2
2
2
2
2
2
2
2
2
2
2
2
2
2
2
2
2
2
2
2
2
2
2
2
2
2
2
2
2
2
2
2
2
2
2
2
10.000000 0.000000 0.000000 0.000000 0.500000 0.000000 0.000000 0.000000 0.500000
0 0.000000 0.000000 0.000000 -0.500000 0.000000 0.000000
0 1.000000 0.000000 0.000000 0.500000 0.000000 0.000000
10.100000 0.000000 0.000000 0.000000 0.505000 0.000000 0.000000 0.000000 0.505000
0 0.000000 0.000000 0.000000 -0.499950 0.000000 0.000000
0 1.010000 0.000000 0.000000 0.499950 0.000000 0.000000
10.200000 0.000000 0.000000 0.000000 0.510000 0.000000 0.000000 0.000000 0.510000
0 0.000000 0.000000 0.000000 -0.499800 0.000000 0.000000
0 1.020000 0.000000 0.000000 0.499800 0.000000 0.000000
10.300000 0.000000 0.000000 0.000000 0.515000 0.000000 0.000000 0.000000 0.515000
0 0.000000 0.000000 0.000000 -0.499550 0.000000 0.000000
0 1.030000 0.000000 0.000000 0.499550 0.000000 0.000000
10.400000 0.000000 0.000000 0.000000 0.520000 0.000000 0.000000 0.000000 0.520000
0 0.000000 0.000000 0.000000 -0.499200 0.000000 0.000000
0 1.040000 0.000000 0.000000 0.499200 0.000000 0.000000
10.500000 0.000000 0.000000 0.000000 0.525000 0.000000 0.000000 0.000000 0.525000
0 0.000000 0.000000 0.000000 -0.498750 0.000000 0.000000
0 1.050000 0.000000 0.000000 0.498750 0.000000 0.000000
10.600000 0.000000 0.000000 0.000000 0.530000 0.000000 0.000000 0.000000 0.530000
0 0.000000 0.000000 0.000000 -0.498200 0.000000 0.000000
0 1.060000 0.000000 0.000000 0.498200 0.000000 0.000000
10.700000 0.000000 0.000000 0.000000 0.535000 0.000000 0.000000 0.000000 0.535000
0 0.000000 0.000000 0.000000 -0.497550 0.000000 0.000000
0 1.070000 0.000000 0.000000 0.497550 0.000000 0.000000
10.800000 0.000000 0.000000 0.000000 0.540000 0.000000 0.000000 0.000000 0.540000
0 0.000000 0.000000 0.000000 -0.496800 0.000000 0.000000
0 1.080000 0.000000 0.000000 0.496800 0.000000 0.000000
10.900000 0.000000 0.000000 0.000000 0.545000 0.000000 0.000000 0.000000 0.545000
0 0.000000 0.000000 0.000000 -0.495950 0.000000 0.000000
0 1.090000 0.000000 0.000000 0.495950 0.000000 0.000000
11.000000 0.000000 0.000000 0.000000 0.550000 0.000000 0.000000 0.000000 0.550000
0 0.000000 0.000000 0.000000 -0.495000 0.000000 0.000000
0 1.100000 0.000000 0.000000 0.495000 0.000000 0.000000
11.100000 0.000000 0.000000 0.000000 0.555000 0.000000 0.000000 0.000000 0.555000
0 0.000000 0.000000 0.000000 -0.493950 0.000000 0.000000
0 1.110000 0.000000 0.000000 0.493950 0.000000 0.000000
11.200000 0.000000 0.000000 0.000000 0.560000 0.000000 0.000000 0.000000 0.560000
0 0.000000 0.000000 0.000000 -0.492800 0.000000 0.000000
0 1.120000 0.000000 0.000000 0.492800 0.000000 0.000000
11.300000 0.000000 0.000000 0.000000 0.565000 0.000000 0.000000 0.000000 0.565000
0 0.000000 0.000000 0.000000 -0.491550 0.000000 0.000000
0 1.130000 0.000000 0.000000 0.491550 0.000000 0.000000
11.400000 0.000000 0.000000 0.000000 0.570000 0.000000 0.000000 0.000000 0.570000
0 0.000000 0.000000 0.000000 -0.490200 0.000000 0.000000
0 1.140000 0.000000 0.000000 0.490200 0.000000 0.000000
11.500000 0.000000 0.000000 0.000000 0.575000 0.000000 0.000000 0.000000 0.575000
0 0.000000 0.000000 0.000000 -0.488750 0.000000 0.000000
0 1.150000 0.000000 0.000000 0.488750 0.000000 0.000000
11.600000 0.000000 0.000000 0.000000 0.580000 0.000000 0.000000 0.000000 0.580000
0 0.000000 0.000000 0.000000 -0.487200 0.000000 0.000000
0 1.160000 0.000000 0.000000 0.487200 0.000000 0.000000
11.700000 0.000000 0.000000 0.000000 0.585000 0.000000 0.000000 0.000000 0.585000
0 0.000000 0.000000 0.000000 -0.485550 0.000000 0.000000
0 1.170000 0.000000 0.000000 0.485550 0.000000 0.000000
11.800000 0.000000 0.000000 0.000000 0.590000 0.000000 0.000000 0.000000 0.590000
0 0.000000 0.000000 0.000000 -0.483800 0.000000 0.000000
0 1.180000 0.000000 0.000000 0.483800 0.000000 0.000000
11.900000 0.000000 0.000000 0.000000 0.595000 0.000000 0.000000 0.000000 0.595000
0 0.000000 0.000000 0.000000 -0.481950 0.000000 0.000000
0 1.190000 0.000000 0.000000 0.481950 0.000000 0.000000
12.000000 0.000000 0.000000 0.000000 0.600000 0.000000 0.000000 0.000000 0.600000
0 0.000000 0.000000 0.000000 -0.480000 0.000000 0.000000
0 1.200000 0.000000 0.000000 0.480000 0.000000 0.000000
12.100000 0.000000 0.000000 0.000000 0.605000 0.000000 0.000000 0.000000 0.605000
0 0.000000 0.000000 0.000000 -0.477950 0.000000 0.000000
0 1.210000 0.000000 0.000000 0.477950 0.000000 0.000000
12.200000 0.000000 0.000000 0.000000 0.610000 0.000000 0.000000 0.000000 0.610000
0 0.000000 0.000000 0.000000 -0.475800 0.000000 0.000000
0 1.220000 0.000000 0.000000 0.475800 0.000000 0.000000
12.300000 0.000000 0.000000 0.000000 0.615000 0.000000 0.000000 0.000000 0.615000
0 0.000000 0.000000 0.000000 -0.473550 0.000000 0.000000
0 1.230000 0.000000 0.000000 0.473550 0.000000 0.000000
12.400000 0.000000 0.000000 0.000000 0.620000 0.000000 0.000000 0.000000 0.620000
0 0.000000 0.000000 0.000000 -0.471200 0.000000 0.000000
0 1.240000 0.000000 0.000000 0.471200 0.000000 0.000000
12.500000 0.000000 0.000000 0.000000 0.625000 0.000000 0.000000 0.000000 0.625000
0 0.000000 0.000000 0.000000 -0.468750 0.000000 0.000000
0 1.250000 0.000000 0.000000 0.468750 0.000000 0.000000
12.600000 0.000000 0.000000 0.000000 0.630000 0.000000 0.000000 0.000000 0.630000
0 0.000000 0.000000 0.000000 -0.466200 0.000000 0.000000
0 1.260000 0.000000 0.000000 0.466200 0.000000 0.000000
12.700000 0.000000 0.000000 0.000000 0.635000 0.000000 0.000000 0.000000 0.635000
0 0.000000 0.000000 0.000000 -0.463550 0.000000 0.000000
0 1.270000 0.000000 0.000000 0.463550 0.000000 0.000000
12.800000 0.000000 0.000000 0.000000 0.640000 0.000000 0.000000 0.000000 0.640000
0 0.000000 0.000000 0.000000 -0.460800 0.000000 0.000000
0 1.280000 0.000000 0.000000 0.460800 0.000000 0.000000
12.900000 0.000000 0.000000 0.000000 0.645000 0.000000 0.000000 0.000000 0.645000
0 0.000000 0.000000 0.000000 -0.457950 0.000000 0.000000
0 1.290000 0.000000 0.000000 0.457950 0.000000 0.000000
13.000000 0.000000 0.000000 0.000000 0.650000 0.000000 0.000000 0.000000 0.650000
0 0.000000 0.000000 0.000000 -0.455000 0.000000 0.000000
0 1.300000 0.000000 0.000000 0.455000 0.000000 0.000000
13.100000 0.000000 0.000000 0.000000 0.655000 0.000000 0.000000 0.000000 0.655000
0 0.000000 0.000000 0.000000 -0.451950 0.000000 0.000000
0 1.310000 0.000000 0.000000 0.451950 0.000000 0.000000
13.200000 0.000000 0.000000 0.000000 0.660000 0.000000 0.000000 0.000000 0.660000
0 0.000000 0.000000 0.000000 -0.448800 0.000000 0.000000
0 1.320000 0.000000 0.000000 0.448800 0.000000 0.000000
13.300000 0.000000 0.000000 0.000000 0.665000 0.000000 0.000000 0.000000 0.665000
0 0.000000 0.000000 0.000000 -0.445550 0.000000 0.000000
0 1.330000 0.000000 0.000000 0.445550 0.000000 0.000000
13.400000 0.000000 0.000000 0.000000 0.670000 0.000000 0.000000 0.000000 0.670000
0 0.000000 0.000000 0.000000 -0.442200 0.000000 0.000000
0 1.340000 0.000000 0.000000 0.442200 0.000000 0.000000
13.500000 0.000000 0.000000 0.000000 0.675000 0.000000 0.000000 0.000000 0.675000
0 0.000000 0.000000 0.000000 -0.438750 0.000000 0.000000
0 1.350000 0.000000 0.000000 0.438750 0.000000 0.000000
13.600000 0.000000 0.000000 0.000000 0.680000 0.000000 0.000000 0.000000 0.680000
0 0.000000 0.000000 0.000000 -0.435200 0.000000 0.000000
0 1.360000 0.000000 0.000000 0.435200 0.000000 0.000000
13.700000 0.000000 0.000000 0.000000 0.685000 0.000000 0.000000 0.000000 0.685000
0 0.000000 0.000000 0.000000 -0.431550 0.000000 0.000000
0 1.370000 0.000000 0.000000 0.431550 0.000000 0.000000
13.800000 0.000000 0.000000 0.000000 0.690000 0.000000 0.000000 0.000000 0.690000
0 0.000000 0.000000 0.000000 -0.427800 0.000000 0.000000
0 1.380000 0.000000 0.000000 0.427800 0.000000 0.000000
13.900000 0.000000 0.000000 0.000000 0.695000 0.000000 0.000000 0.000000 0.695000
0 0.000000 0.000000 0.000000 -0.423950 0.000000 0.000000
0 1.390000 0.000000 0.000000 0.423950 0.000000 0.000000
14.000000 0.000000 0.000000 0.000000 0.700000 0.000000 0.000000 0.000000 0.700000
0 0.000000 0.000000 0.000000 -0.420000 0.000000 0.000000
0 1.400000 0.000000 0.000000 0.420000 0.000000 0.000000
14.100000 0.000000 0.000000 0.000000 0.705000 0.000000 0.000000 0.000000 0.705000
0 0.000000 0.000000 0.000000 -0.415950 0.000000 0.000000
0 1.410000 0.000000 0.000000 0.415950 0.000000 0.000000
14.200000 0.000000 0.000000 0.000000 0.710000 0.000000 0.000000 0.000000 0.710000
0 0.000000 0.000000 0.000000 -0.411800 0.000000 0.000000
0 1.420000 0.000000 0.000000 0.411800 0.000000 0.000000
14.300000 0.000000 0.000000 0.000000 0.715000 0.000000 0.000000 0.000000 0.715000
0 0.000000 0.000000 0.000000 -0.407550 0.000000 0.000000
0 1.430000 0.000000 0.000000 0.407550 0.000000 0.000000
14.400000 0.000000 0.000000 0.000000 0.720000 0.000000 0.000000 0.000000 0.720000
0 0.000000 0.000000 0.000000 -0.403200 0.000000 0.000000
0 1.440000 0.000000 0.000000 0.403200 0.000000 0.000000
14.500000 0.000000 0.000000 0.000000 0.725000 0.000000 0.000000 0.000000 0.725000
0 0.000000 0.000000 0.000000 -0.398750 0.000000 0.000000
0 1.450000 0.000000 0.000000 0.398750 0.000000 0.000000
14.600000 0.000000 0.000000 0.000000 0.730000 0.000000 0.000000 0.000000 0.730000
0 0.000000 0.000000 0.000000 -0.394200 0.000000 0.000000
0 1.460000 0.000000 0.000000 0.394200 0.000000 0.000000
14.700000 0.000000 0.000000 0.000000 0.735000 0.000000 0.000000 0.000000 0.735000
0 0.000000 0.000000 0.000000 -0.389550 0.000000 0.000000
0 1.470000 0.000000 0.000000 0.389550 0.000000 0.000000
14.800000 0.000000 0.000000 0.000000 0.740000 0.000000 0.000000 0.000000 0.740000
0 0.000000 0.000000 0.000000 -0.384800 0.000000 0.000000
0 1.480000 0.000000 0.000000 0.384800 0.000000 0.000000
14.900000 0.000000 0.000000 0.000000 0.745000 0.000000 0.000000 0.000000 0.745000
0 0.000000 0.000000 0.000000 -0.379950 0.000000 0.000000
0 1.490000 0.000000 0.000000 0.379950 0.000000 0.000000
15.000000 0.000000 0.000000 0.000000 0.750000 0.000000 0.000000 0.000000 0.750000
0 0.000000 0.000000 0.000000 -0.375000 0.000000 0.000000
0 1.500000 0.000000 0.000000 0.375000 0.000000 0.000000
15.100000 0.000000 0.000000 0.000000 0.755000 0.000000 0.000000 0.000000 0.755000
0 0.000000 0.000000 0.000000 -0.369950 0.000000 0.000000
0 1.510000 0.000000 0.000000 0.369950 0.000000 0.000000
15.200000 0.000000 0.000000 0.000000 0.760000 0.000000 0.000000 0.000000 0.760000
0 0.000000 0.000000 0.000000 -0.364800 0.000000 0.000000
0 1.520000 0.000000 0.000000 0.364800 0.000000 0.000000
15.300000 0.000000 0.000000 0.000000 0.765000 0.000000 0.000000 0.000000 0.765000
0 0.000000 0.000000 0.000000 -0.359550 0.000000 0.000000
0 1.530000 0.000000 0.000000 0.359550 0.000000 0.000000
15.400000 0.000000 0.000000 0.000000 0.770000 0.000000 0.000000 0.000000 0.770000
0 0.000000 0.000000 0.000000 -0.354200 0.000000 0.000000
0 1.540000 0.000000 0.000000 0.354200 0.000000 0.000000
15.500000 0.000000 0.000000 0.000000 0.775000 0.000000 0.000000 0.000000 0.775000
0 0.000000 0.000000 0.000000 -0.348750 0.000000 0.000000
0 1.550000 0.000000 0.000000 0.348750 0.000000 0.000000
15.600000 0.000000 0.000000 0.000000 0.780000 0.000000 0.000000 0.000000 0.780000
0 0.000000 0.000000 0.000000 -0.343200 0.000000 0.000000
0 1.560000 0.000000 0.000000 0.343200 0.000000 0.000000
15.700000 0.000000 0.000000 0.000000 0.785000 0.000000 0.000000 0.000000 0.785000
0 0.000000 0.000000 0.000000 -0.337550 0.000000 0.000000
0 1.570000 0.000000 0.000000 0.337550 0.000000 0.000000
15.800000 0.000000 0.000000 0.000000 0.790000 0.000000 0.000000 0.000000 0.790000
0 0.000000 0.000000 0.000000 -0.331800 0.000000 0.000000
0 1.580000 0.000000 0.000000 0.331800 0.000000 0.000000
15.900000 0.000000 0.000000 0.000000 0.795000 0.000000 0.000000 0.000000 0.795000
0 0.000000 0.000000 0.000000 -0.325950 0.000000 0.000000
0 1.590000 0.000000 0.000000 0.325950 0.000000 0.000000
16.000000 0.000000 0.000000 0.000000 0.800000 0.000000 0.000000 0.000000 0.800000
0 0.000000 0.000000 0.000000 -0.320000 0.000000 0.000000
0 1.600000 0.000000 0.000000 0.320000 0.000000 0.000000
16.100000 0.000000 0.000000 0.000000 0.805000 0.000000 0.000000 0.000000 0.805000
0 0.000000 0.000000 0.000000 -0.313950 0.000000 0.000000
0 1.610000 0.000000 0.000000 0.313950 0.000000 0.000000
16.200000 0.000000 0.000000 0.000000 0.810000 0.000000 0.000000 0.000000 0.810000
0 0.000000 0.000000 0.000000 -0.307800 0.000000 0.000000
0 1.620000 0.000000 0.000000 0.307800 0.000000 0.000000
16.300000 0.000000 0.000000 0.000000 0.815000 0.000000 0.000000 0.000000 0.815000
0 0.000000 0.000000 0.000000 -0.301550 0.000000 0.000000
0 1.630000 0.000000 0.000000 0.301550 0.000000 0.000000
16.400000 0.000000 0.000000 0.000000 0.820000 0.000000 0.000000 0.000000 0.820000
0 0.000000 0.000000 0.000000 -0.295200 0.000000 0.000000
0 1.640000 0.000000 0.000000 0.295200 0.000000 0.000000
16.500000 0.000000 0.000000 0.000000 0.825000 0.000000 0.000000 0.000000 0.825000
0 0.000000 0.000000 0.000000 -0.288750 0.000000 0.000000
0 1.650000 0.000000 0.000000 0.288750 0.000000 0.000000
16.600000 0.000000 0.000000 0.000000 0.830000 0.000000 0.000000 0.000000 0.830000
0 0.000000 0.000000 0.000000 -0.282200 0.000000 0.000000
0 1.660000 0.000000 0.000000 0.282200 0.000000 0.000000
16.700000 0.000000 0.000000 0.000000 0.835000 0.000000 0.000000 0.000000 0.835000
0 0.000000 0.000000 0.000000 -0.275550 0.000000 0.000000
0 1.670000 0.000000 0.000000 0.275550 0.000000 0.000000
16.800000 0.000000 0.000000 0.000000 0.840000 0.000000 0.000000 0.000000 0.840000
0 0.000000 0.000000 0.000000 -0.268800 0.000000 0.000000
0 1.680000 0.000000 0.000000 0.268800 0.000000 0.000000
16.900000 0.000000 0.000000 0.000000 0.845000 0.000000 0.000000 0.000000 0.845000
0 0.000000 0.000000 0.000000 -0.261950 0.000000 0.000000
0 1.690000 0.000000 0.000000 0.261950 0.000000 0.000000
17.000000 0.000000 0.000000 0.000000 0.850000 0.000000 0.000000 0.000000 0.850000
0 0.000000 0.000000 0.000000 -0.255000 0.000000 0.000000
0 1.700000 0.000000 0.000000 0.255000 0.000000 0.000000
17.100000 0.000000 0.000000 0.000000 0.855000 0.000000 0.000000 0.000000 0.855000
0 0.000000 0.000000 0.000000 -0.247950 0.000000 0.000000
0 1.710000 0.000000 0.000000 0.247950 0.000000 0.000000
17.200000 0.000000 0.000000 0.000000 0.860000 0.000000 0.000000 0.000000 0.860000
0 0.000000 0.000000 0.000000 -0.240800 0.000000 0.000000
0 1.720000 0.000000 0.000000 0.240800 0.000000 0.000000
17.300000 0.000000 0.000000 0.000000 0.865000 0.000000 0.000000 0.000000 0.865000
0 0.000000 0.000000 0.000000 -0.233550 0.000000 0.000000
0 1.730000 0.000000 0.000000 0.233550 0.000000 0.000000
17.400000 0.000000 0.000000 0.000000 0.870000 0.000000 0.000000 0.000000 0.870000
0 0.000000 0.000000 0.000000 -0.226200 0.000000 0.000000
0 1.740000 0.000000 0.000000 0.226200 0.000000 0.000000
17.500000 0.000000 0.000000 0.000000 0.875000 0.000000 0.000000 0.000000 0.875000
0 0.000000 0.000000 0.000000 -0.218750 0.000000 0.000000
0 1.750000 0.000000 0.000000 0.218750 0.000000 0.000000
17.600000 0.000000 0.000000 0.000000 0.880000 0.000000 0.000000 0.000000 0.880000
0 0.000000 0.000000 0.000000 -0.211200 0.000000 0.000000
0 1.760000 0.000000 0.000000 0.211200 0.000000 0.000000
17.700000 0.000000 0.000000 0.000000 0.885000 0.000000 0.000000 0.000000 0.885000
0 0.000000 0.000000 0.000000 -0.203550 0.000000 0.000000
0 1.770000 0.000000 0.000000 0.203550 0.000000 0.000000
17.800000 0.000000 0.000000 0.000000 0.890000 0.000000 0.000000 0.000000 0.890000
0 0.000000 0.000000 0.000000 -0.195800 0.000000 0.000000
0 1.780000 0.000000 0.000000 0.195800 0.000000 0.000000
17.900000 0.000000 0.000000 0.000000 0.895000 0.000000 0.000000 0.000000 0.895000
0 0.000000 0.000000 0.000000 -0.187950 0.000000 0.000000
0 1.790000 0.000000 0.000000 0.187950 0.000000 0.000000
18.000000 0.000000 0.000000 0.000000 0.900000 0.000000 0.000000 0.000000 0.900000
0 0.000000 0.000000 0.000000 -0.180000 0.000000 0.000000
0 1.800000 0.000000 0.000000 0.180000 0.000000 0.000000
18.100000 0.000000 0.000000 0.000000 0.905000 0.000000 0.000000 0.000000 0.905000
0 0.000000 0.000000 0.000000 -0.171950 0.000000 0.000000
0 1.810000 0.000000 0.000000 0.171950 0.000000 0.000000
18.200000 0.000000 0.000000 0.000000 0.910000 0.000000 0.000000 0.000000 0.910000
0 0.000000 0.000000 0.000000 -0.163800 0.000000 0.000000
0 1.820000 0.000000 0.000000 0.163800 0.000000 0.000000
18.300000 0.000000 0.000000 0.000000 0.915000 0.000000 0.000000 0.000000 0.915000
0 0.000000 0.000000 0.000000 -0.155550 0.000000 0.000000
0 1.830000 0.000000 0.000000 0.155550 0.000000 0.000000
18.400000 0.000000 0.000000 0.000000 0.920000 0.000000 0.000000 0.000000 0.920000
0 0.000000 0.000000 0.000000 -0.147200 0.000000 0.000000
0 1.840000 0.000000 0.000000 0.147200 0.000000 0.000000
18.500000 0.000000 0.000000 0.000000 0.925000 0.000000 0.000000 0.000000 0.925000
0 0.000000 0.000000 0.000000 -0.138750 0.000000 0.000000
0 1.850000 0.000000 0.000000 0.138750 0.000000 0.000000
18.600000 0.000000 0.000000 0.000000 0.930000 0.000000 0.000000 0.000000 0.930000
0 0.000000 0.000000 0.000000 -0.130200 0.000000 0.000000
0 1.860000 0.000000 0.000000 0.130200 0.000000 0.000000
18.700000 0.000000 0.000000 0.000000 0.935000 0.000000 0.000000 0.000000 0.935000
0 0.000000 0.000000 0.000000 -0.121550 0.000000 0.000000
0 1.870000 0.000000 0.000000 0.121550 0.000000 0.000000
18.800000 0.000000 0.000000 0.000000 0.940000 0.000000 0.000000 0.000000 0.940000
0 0.000000 0.000000 0.000000 -0.112800 0.000000 0.000000
0 1.880000 0.000000 0.000000 0.112800 0.000000 0.000000
18.900000 0.000000 0.000000 0.000000 0.945000 0.000000 0.000000 0.000000 0.945000
0 0.000000 0.000000 0.000000 -0.103950 0.000000 0.000000
0 1.890000 0.000000 0.000000 0.103950 0.000000 0.000000
19.000000 0.000000 0.000000 0.000000 0.950000 0.000000 0.000000 0.000000 0.950000
0 0.000000 0.000000 0.000000 -0.095000 0.000000 0.000000
0 1.900000 0.000000 0.000000 0.095000 0.000000 0.000000
19.100000 0.000000 0.000000 0.000000 0.955000 0.000000 0.000000 0.000000 0.955000
0 0.000000 0.000000 0.000000 -0.085950 0.000000 0.000000
0 1.910000 0.000000 0.000000 0.085950 0.000000 0.000000
19.200000 0.000000 0.000000 0.000000 0.960000 0.000000 0.000000 0.000000 0.960000
0 0.000000 0.000000 0.000000 -0.076800 0.000000 0.000000
0 1.920000 0.000000 0.000000 0.076800 0.000000 0.000000
19.300000 0.000000 0.000000 0.000000 0.965000 0.000000 0.000000 0.000000 0.965000
0 0.000000 0.000000 0.000000 -0.067550 0.000000 0.000000
0 1.930000 0.000000 0.000000 0.067550 0.000000 0.000000
19.400000 0.000000 0.000000 0.000000 0.970000 0.000000 0.000000 0.000000 0.970000
0 0.000000 0.000000 0.000000 -0.058200 0.000000 0.000000
0 1.940000 0.000000 0.000000 0.058200 0.000000 0.000000
19.500000 0.000000 0.000000 0.000000 0.975000 0.000000 0.000000 0.000000 0.975000
0 0.000000 0.000000 0.000000 -0.048750 0.000000 0.000000
0 1.950000 0.000000 0.000000 0.048750 0.000000 0.000000
19.600000 0.000000 0.000000 0.000000 0.980000 0.000000 0.000000 0.000000 0.980000
0 0.000000 0.000000 0.000000 -0.039200 0.000000 0.000000
0 1.960000 0.000000 0.000000 0.039200 0.000000 0.000000
19.700000 0.000000 0.000000 0.000000 0.985000 0.000000 0.000000 0.000000 0.985000
0 0.000000 0.000000 0.000000 -0.029550 0.000000 0.000000
0 1.970000 0.000000 0.000000 0.029550 0.000000 0.000000
19.800000 0.000000 0.000000 0.000000 0.990000 0.000000 0.000000 0.000000 0.990000
0 0.000000 0.000000 0.000000 -0.019800 0.000000 0.000000
0 1.980000 0.000000 0.000000 0.019800 0.000000 0.000000
19.900000 0.000000 0.000000 0.000000 0.995000 0.000000 0.000000 0.000000 0.995000
0 0.000000 0.000000 0.000000 -0.009950 0.000000 0.000000
0 1.990000 0.000000 0.000000 0.009950 0.000000 0.000000
20.000000 0.000000 0.000000 0.000000 1.000000 0.000000 0.000000 0.000000 1.000000
0 0.000000 0.000000 0.000000 0.000000 0.000000 0.000000
0 2.000000 0.000000 0.000000 0.000000 0.000000 0.000000
20.100000 0.000000 0.000000 0.000000 1.005000 0.000000 0.000000 0.000000 1.005000
0 0.000000 0.000000 0.000000 0.010050 0.000000 0.000000
0 2.010000 0.000000 0.000000 -0.010050 0.000000 0.000000
20.200000 0.000000 0.000000 0.000000 1.010000 0.000000 0.000000 0.000000 1.010000
0 0.000000 0.000000 0.000000 0.020200 0.000000 0.000000
0 2.020000 0.000000 0.000000 -0.020200 0.000000 0.000000
20.300000 0.000000 0.000000 0.000000 1.015000 0.000000 0.000000 0.000000 1.015000
0 0.000000 0.000000 0.000000 0.030450 0.000000 0.000000
0 2.030000 0.000000 0.000000 -0.030450 0.000000 0.000000
20.400000 0.000000 0.000000 0.000000 1.020000 0.000000 0.000000 0.000000 1.020000
0 0.000000 0.000000 0.000000 0.040800 0.000000 0.000000
0 2.040000 0.000000 0.000000 -0.040800 0.000000 0.000000
20.500000 0.000000 0.000000 0.000000 1.025000 0.000000 0.000000 0.000000 1.025000
0 0.000000 0.000000 0.000000 0.051250 0.000000 0.000000
0 2.050000 0.000000 0.000000 -0.051250 0.000000 0.000000
20.600000 0.000000 0.000000 0.000000 1.030000 0.000000 0.000000 0.000000 1.030000
0 0.000000 0.000000 0.000000 0.061800 0.000000 0.000000
0 2.060000 0.000000 0.000000 -0.061800 0.000000 0.000000
20.700000 0.000000 0.000000 0.000000 1.035000 0.000000 0.000000 0.000000 1.035000
0 0.000000 0.000000 0.000000 0.072450 0.000000 0.000000
0 2.070000 0.000000 0.000000 -0.072450 0.000000 0.000000
20.800000 0.000000 0.000000 0.000000 1.040000 0.000000 0.000000 0.000000 1.040000
0 0.000000 0.000000 0.000000 0.083200 0.000000 0.000000
0 2.080000 0.000000 0.000000 -0.083200 0.000000 0.000000
20.900000 0.000000 0.000000 0.000000 1.045000 0.000000 0.000000 0.000000 1.045000
0 0.000000 0.000000 0.000000 0.094050 0.000000 0.000000
0 2.090000 0.000000 0.000000 -0.094050 0.000000 0.000000
21.000000 0.000000 0.000000 0.000000 1.050000 0.000000 0.000000 0.000000 1.050000
0 0.000000 0.000000 0.000000 0.105000 0.000000 0.000000
0 2.100000 0.000000 0.000000 -0.105000 0.000000 0.000000
21.100000 0.000000 0.000000 0.000000 1.055000 0.000000 0.000000 0.000000 1.055000
0 0.000000 0.000000 0.000000 0.116050 0.000000 0.000000
0 2.110000 0.000000 0.000000 -0.116050 0.000000 0.000000
21.200000 0.000000 0.000000 0.000000 1.060000 0.000000 0.000000 0.000000 1.060000
0 0.000000 0.000000 0.000000 0.127200 0.000000 0.000000
0 2.120000 0.000000 0.000000 -0.127200 0.000000 0.000000
21.300000 0.000000 0.000000 0.000000 1.065000 0.000000 0.000000 0.000000 1.065000
0 0.000000 0.000000 0.000000 0.138450 0.000000 0.000000
0 2.130000 0.000000 0.000000 -0.138450 0.000000 0.000000
21.400000 0.000000 0.000000 0.000000 1.070000 0.000000 0.000000 0.000000 1.070000
0 0.000000 0.000000 0.000000 0.149800 0.000000 0.000000
0 2.140000 0.000000 0.000000 -0.149800 0.000000 0.000000
21.500000 0.000000 0.000000 0.000000 1.075000 0.000000 0.000000 0.000000 1.075000
0 0.000000 0.000000 0.000000 0.161250 0.000000 0.000000
0 2.150000 0.000000 0.000000 -0.161250 0.000000 0.000000
21.600000 0.000000 0.000000 0.000000 1.080000 0.000000 0.000000 0.000000 1.080000
0 0.000000 0.000000 0.000000 0.172800 0.000000 0.000000
0 2.160000 0.000000 0.000000 -0.172800 0.000000 0.000000
21.700000 0.000000 0.000000 0.000000 1.085000 0.000000 0.000000 0.000000 1.085000
0 0.000000 0.000000 0.000000 0.184450 0.000000 0.000000
0 2.170000 0.000000 0.000000 -0.184450 0.000000 0.000000
21.800000 0.000000 0.000000 0.000000 1.090000 0.000000 0.000000 0.000000 1.090000
0 0.000000 0.000000 0.000000 0.196200 0.000000 0.000000
0 2.180000 0.000000 0.000000 -0.196200 0.000000 0.000000
21.900000 0.000000 0.000000 0.000000 1.095000 0.000000 0.000000 0.000000 1.095000
0 0.000000 0.000000 0.000000 0.208050 0.000000 0.000000
0 2.190000 0.000000 0.000000 -0.208050 0.000000 0.000000
22.000000 0.000000 0.000000 0.000000 1.100000 0.000000 0.000000 0.000000 1.100000
0 0.000000 0.000000 0.000000 0.220000 0.000000 0.000000
0 2.200000 0.000000 0.000000 -0.220000 0.000000 0.000000
22.100000 0.000000 0.000000 0.000000 1.105000 0.000000 0.000000 0.000000 1.105000
0 0.000000 0.000000 0.000000 0.232050 0.000000 0.000000
0 2.210000 0.000000 0.000000 -0.232050 0.000000 0.000000
22.200000 0.000000 0.000000 0.000000 1.110000 0.000000 0.000000 0.000000 1.110000
0 0.000000 0.000000 0.000000 0.244200 0.000000 0.000000
0 2.220000 0.000000 0.000000 -0.244200 0.000000 0.000000
22.300000 0.000000 0.000000 0.000000 1.115000 0.000000 0.000000 0.000000 1.115000
0 0.000000 0.000000 0.000000 0.256450 0.000000 0.000000
0 2.230000 0.000000 0.000000 -0.256450 0.000000 0.000000
22.400000 0.000000 0.000000 0.000000 1.120000 0.000000 0.000000 0.000000 1.120000
0 0.000000 0.000000 0.000000 0.268800 0.000000 0.000000
0 2.240000 0.000000 0.000000 -0.268800 0.000000 0.000000
22.500000 0.000000 0.000000 0.000000 1.125000 0.000000 0.000000 0.000000 1.125000
0 0.000000 0.000000 0.000000 0.281250 0.000000 0.000000
0 2.250000 0.000000 0.000000 -0.281250 0.000000 0.000000
22.600000 0.000000 0.000000 0.000000 1.130000 0.000000 0.000000 0.000000 1.130000
0 0.000000 0.000000 0.000000 0.293800 0.000000 0.000000
0 2.260000 0.000000 0.000000 -0.293800 0.000000 0.000000
22.700000 0.000000 0.000000 0.000000 1.135000 0.000000 0.000000 0.000000 1.135000
0 0.000000 0.000000 0.000000 0.306450 0.000000 0.000000
0 2.270000 0.000000 0.000000 -0.306450 0.000000 0.000000
22.800000 0.000000 0.000000 0.000000 1.140000 0.000000 0.000000 0.000000 1.140000
0 0.000000 0.000000 0.000000 0.319200 0.000000 0.000000
0 2.280000 0.000000 0.000000 -0.319200 0.000000 0.000000
22.900000 0.000000 0.000000 0.000000 1.145000 0.000000 0.000000 0.000000 1.145000
0 0.000000 0.000000 0.000000 0.332050 0.000000 0.000000
0 2.290000 0.000000 0.000000 -0.332050 0.000000 0.000000
23.000000 0.000000 0.000000 0.000000 1.150000 0.000000 0.000000 0.000000 1.150000
0 0.000000 0.000000 0.000000 0.345000 0.000000 0.000000
0 2.300000 0.000000 0.000000 -0.345000 0.000000 0.000000
23.100000 0.000000 0.000000 0.000000 1.155000 0.000000 0.000000 0.000000 1.155000
0 0.000000 0.000000 0.000000 0.358050 0.000000 0.000000
0 2.310000 0.000000 0.000000 -0.358050 0.000000 0.000000
23.200000 0.000000 0.000000 0.000000 1.160000 0.000000 0.000000 0.000000 1.160000
0 0.000000 0.000000 0.000000 0.371200 0.000000 0.000000
0 2.320000 0.000000 0.000000 -0.371200 0.000000 0.000000
23.300000 0.000000 0.000000 0.000000 1.165000 0.000000 0.000000 0.000000 1.165000
0 0.000000 0.000000 0.000000 0.384450 0.000000 0.000000
0 2.330000 0.000000 0.000000 -0.384450 0.000000 0.000000
23.400000 0.000000 0.000000 0.000000 1.170000 0.000000 0.000000 0.000000 1.170000
0 0.000000 0.000000 0.000000 0.397800 0.000000 0.000000
0 2.340000 0.000000 0.000000 -0.397800 0.000000 0.000000
23.500000 0.000000 0.000000 0.000000 1.175000 0.000000 0.000000 0.000000 1.175000
0 0.000000 0.000000 0.000000 0.411250 0.000000 0.000000
0 2.350000 0.000000 0.000000 -0.411250 0.000000 0.000000
23.600000 0.000000 0.000000 0.000000 1.180000 0.000000 0.000000 0.000000 1.180000
0 0.000000 0.000000 0.000000 0.424800 0.000000 0.000000
0 2.360000 0.000000 0.000000 -0.424800 0.000000 0.000000
23.700000 0.000000 0.000000 0.000000 1.185000 0.000000 0.000000 0.000000 1.185000
0 0.000000 0.000000 0.000000 0.438450 0.000000 0.000000
0 2.370000 0.000000 0.000000 -0.438450 0.000000 0.000000
23.800000 0.000000 0.000000 0.000000 1.190000 0.000000 0.000000 0.000000 1.190000
0 0.000000 0.000000 0.000000 0.452200 0.000000 0.000000
0 2.380000 0.000000 0.000000 -0.452200 0.000000 0.000000
23.900000 0.000000 0.000000 0.000000 1.195000 0.000000 0.000000 0.000000 1.195000
0 0.000000 0.000000 0.000000 0.466050 0.000000 0.000000
0 2.390000 0.000000 0.000000 -0.466050 0.000000 0.000000
24.000000 0.000000 0.000000 0.000000 1.200000 0.000000 0.000000 0.000000 1.200000
0 0.000000 0.000000 0.000000 0.480000 0.000000 0.000000
0 2.400000 0.000000 0.000000 -0.480000 0.000000 0.000000
24.100000 0.000000 0.000000 0.000000 1.205000 0.000000 0.000000 0.000000 1.205000
0 0.000000 0.000000 0.000000 0.494050 0.000000 0.000000
0 2.410000 0.000000 0.000000 -0.494050 0.000000 0.000000
24.200000 0.000000 0.000000 0.000000 1.210000 0.000000 0.000000 0.000000 1.210000
0 0.000000 0.000000 0.000000 0.508200 0.000000 0.000000
0 2.420000 0.000000 0.000000 -0.508200 0.000000 0.000000
24.300000 0.000000 0.000000 0.000000 1.215000 0.000000 0.000000 0.000000 1.215000
0 0.000000 0.000000 0.000000 0.522450 0.000000 0.000000
0 2.430000 0.000000 0.000000 -0.522450 0.000000 0.000000
24.400000 0.000000 0.000000 0.000000 1.220000 0.000000 0.000000 0.000000 1.220000
0 0.000000 0.000000 0.000000 0.536800 0.000000 0.000000
0 2.440000 0.000000 0.000000 -0.536800 0.000000 0.000000
24.500000 0.000000 0.000000 0.000000 1.225000 0.000000 0.000000 0.000000 1.225000
0 0.000000 0.000000 0.000000 0.551250 0.000000 0.000000
0 2.450000 0.000000 0.000000 -0.551250 0.000000 0.000000
24.600000 0.000000 0.000000 0.000000 1.230000 0.000000 0.000000 0.000000 1.230000
0 0.000000 0.000000 0.000000 0.565800 0.000000 0.000000
0 2.460000 0.000000 0.000000 -0.565800 0.000000 0.000000
24.700000 0.000000 0.000000 0.000000 1.235000 0.000000 0.000000 0.000000 1.235000
0 0.000000 0.000000 0.000000 0.580450 0.000000 0.000000
0 2.470000 0.000000 0.000000 -0.580450 0.000000 0.000000
24.800000 0.000000 0.000000 0.000000 1.240000 0.000000 0.000000 0.000000 1.240000
0 0.000000 0.000000 0.000000 0.595200 0.000000 0.000000
0 2.480000 0.000000 0.000000 -0.595200 0.000000 0.000000
24.900000 0.000000 0.000000 0.000000 1.245000 0.000000 0.000000 0.000000 1.245000
0 0.000000 0.000000 0.000000 0.610050 0.000000 0.000000
0 2.490000 0.000000 0.000000 -0.610050 0.000000 0.000000
25.000000 0.000000 0.000000 0.000000 1.250000 0.000000 0.000000 0.000000 1.250000
0 0.000000 0.000000 0.000000 0.625000 0.000000 0.000000
0 2.500000 0.000000 0.000000 -0.625000 0.000000 0.000000
25.100000 0.000000 0.000000 0.000000 1.255000 0.000000 0.000000 0.000000 1.255000
0 0.000000 0.000000 0.000000 0.640050 0.000000 0.000000
0 2.510000 0.000000 0.000000 -0.640050 0.000000 0.000000
25.200000 0.000000 0.000000 0.000000 1.260000 0.000000 0.000000 0.000000 1.260000
0 0.000000 0.000000 0.000000 0.655200 0.000000 0.000000
0 2.520000 0.000000 0.000000 -0.655200 0.000000 0.000000
25.300000 0.000000 0.000000 0.000000 1.265000 0.000000 0.000000 0.000000 1.265000
0 0.000000 0.000000 0.000000 0.670450 0.000000 0.000000
0 2.530000 0.000000 0.000000 -0.670450 0.000000 0.000000
25.400000 0.000000 0.000000 0.000000 1.270000 0.000000 0.000000 0.000000 1.270000
0 0.000000 0.000000 0.000000 0.685800 0.000000 0.000000
0 2.540000 0.000000 0.000000 -0.685800 0.000000 0.000000
25.500000 0.000000 0.000000 0.000000 1.275000 0.000000 0.000000 0.000000 1.275000
0 0.000000 0.000000 0.000000 0.701250 0.000000 0.000000
0 2.550000 0.000000 0.000000 -0.701250 0.000000 0.000000
25.600000 0.000000 0.000000 0.000000 1.280000 0.000000 0.000000 0.000000 1.280000
0 0.000000 0.000000 0.000000 0.716800 0.000000 0.000000
0 2.560000 0.000000 0.000000 -0.716800 0.000000 0.000000
25.700000 0.000000 0.000000 0.000000 1.285000 0.000000 0.000000 0.000000 1.285000
0 0.000000 0.000000 0.000000 0.732450 0.000000 0.000000
0 2.570000 0.000000 0.000000 -0.732450 0.000000 0.000000
25.800000 0.000000 0.000000 0.000000 1.290000 0.000000 0.000000 0.000000 1.290000
0 0.000000 0.000000 0.000000 0.748200 0.000000 0.000000
0 2.580000 0.000000 0.000000 -0.748200 0.000000 0.000000
25.900000 0.000000 0.000000 0.000000 1.295000 0.000000 0.000000 0.000000 1.295000
0 0.000000 0.000000 0.000000 0.764050 0.000000 0.000000
0 2.590000 0.000000 0.000000 -0.764050 0.000000 0.000000
26.000000 0.000000 0.000000 0.000000 1.300000 0.000000 0.000000 0.000000 1.300000
0 0.000000 0.000000 0.000000 0.780000 0.000000 0.000000
0 2.600000 0.000000 0.000000 -0.780000 0.000000 0.000000
26.100000 0.000000 0.000000 0.000000 1.305000 0.000000 0.000000 0.000000 1.305000
0 0.000000 0.000000 0.000000 0.796050 0.000000 0.000000
0 2.610000 0.000000 0.000000 -0.796050 0.000000 0.000000
26.200000 0.000000 0.000000 0.000000 1.310000 0.000000 0.000000 0.000000 1.310000
0 0.000000 0.000000 0.000000 0.812200 0.000000 0.000000
0 2.620000 0.000000 0.000000 -0.812200 0.000000 0.000000
26.300000 0.000000 0.000000 0.000000 1.315000 0.000000 0.000000 0.000000 1.315000
0 0.000000 0.000000 0.000000 0.828450 0.000000 0.000000
0 2.630000 0.000000 0.000000 -0.828450 0.000000 0.000000
26.400000 0.000000 0.000000 0.000000 1.320000 0.000000 0.000000 0.000000 1.320000
0 0.000000 0.000000 0.000000 0.844800 0.000000 0.000000
0 2.640000 0.000000 0.000000 -0.844800 0.000000 0.000000
26.500000 0.000000 0.000000 0.000000 1.325000 0.000000 0.000000 0.000000 1.325000
0 0.000000 0.000000 0.000000 0.861250 0.000000 0.000000
0 2.650000 0.000000 0.000000 -0.861250 0.000000 0.000000
26.600000 0.000000 0.000000 0.000000 1.330000 0.000000 0.000000 0.000000 1.330000
0 0.000000 0.000000 0.000000 0.877800 0.000000 0.000000
0 2.660000 0.000000 0.000000 -0.877800 0.000000 0.000000
26.700000 0.000000 0.000000 0.000000 1.335000 0.000000 0.000000 0.000000 1.335000
0 0.000000 0.000000 0.000000 0.894450 0.000000 0.000000
0 2.670000 0.000000 0.000000 -0.894450 0.000000 0.000000
26.800000 0.000000 0.000000 0.000000 1.340000 0.000000 0.000000 0.000000 1.340000
0 0.000000 0.000000 0.000000 0.911200 0.000000 0.000000
0 2.680000 0.000000 0.000000 -0.911200 0.000000 0.000000
26.900000 0.000000 0.000000 0.000000 1.345000 0.000000 0.000000 0.000000 1.345000
0 0.000000 0.000000 0.000000 0.928050 0.000000 0.000000
0 2.690000 0.000000 0.000000 -0.928050 0.000000 0.000000
27.000000 0.000000 0.000000 0.000000 1.350000 0.000000 0.000000 0.000000 1.350000
0 0.000000 0.000000 0.000000 0.945000 0.000000 0.000000
0 2.700000 0.000000 0.000000 -0.945000 0.000000 0.000000
27.100000 0.000000 0.000000 0.000000 1.355000 0.000000 0.000000 0.000000 1.355000
0 0.000000 0.000000 0.000000 0.962050 0.000000 0.000000
0 2.710000 0.000000 0.000000 -0.962050 0.000000 0.000000
27.200000 0.000000 0.000000 0.000000 1.360000 0.000000 0.000000 0.000000 1.360000
0 0.000000 0.000000 0.000000 0.979200 0.000000 0.000000
0 2.720000 0.000000 0.000000 -0.979200 0.000000 0.000000
27.300000 0.000000 0.000000 0.000000 1.365000 0.000000 0.000000 0.000000 1.365000
0 0.000000 0.000000 0.000000 0.996450 0.000000 0.000000
0 2.730000 0.000000 0.000000 -0.996450 0.000000 0.000000
27.400000 0.000000 0.000000 0.000000 1.370000 0.000000 0.000000 0.000000 1.370000
0 0.000000 0.000000 0.000000 1.013800 0.000000 0.000000
0 2.740000 0.000000 0.000000 -1.013800 0.000000 0.000000
27.500000 0.000000 0.000000 0.000000 1.375000 0.000000 0.000000 0.000000 1.375000
0 0.000000 0.000000 0.000000 1.031250 0.000000 0.000000
0 2.750000 0.000000 0.000000 -1.031250 0.000000 0.000000
27.600000 0.000000 0.000000 0.000000 1.380000 0.000000 0.000000 0.000000 1.380000
0 0.000000 0.000000 0.000000 1.048800 0.000000 0.000000
0 2.760000 0.000000 0.000000 -1.048800 0.000000 0.000000
27.700000 0.000000 0.000000 0.000000 1.385000 0.000000 0.000000 0.000000 1.385000
0 0.000000 0.000000 0.000000 1.066450 0.000000 0.000000
0 2.770000 0.000000 0.000000 -1.066450 0.000000 0.000000
27.800000 0.000000 0.000000 0.000000 1.390000 0.000000 0.000000 0.000000 1.390000
0 0.000000 0.000000 0.000000 1.084200 0.000000 0.000000
0 2.780000 0.000000 0.000000 -1.084200 0.000000 0.000000
27.900000 0.000000 0.000000 0.000000 1.395000 0.000000 0.000000 0.000000 1.395000
0 0.000000 0.000000 0.000000 1.102050 0.000000 0.000000
0 2.790000 0.000000 0.000000 -1.102050 0.000000 0.000000
28.000000 0.000000 0.000000 0.000000 1.400000 0.000000 0.000000 0.000000 1.400000
0 0.000000 0.000000 0.000000 1.120000 0.000000 0.000000
0 2.800000 0.000000 0.000000 -1.120000 0.000000 0.000000
28.100000 0.000000 0.000000 0.000000 1.405000 0.000000 0.000000 0.000000 1.405000
0 0.000000 0.000000 0.000000 1.138050 0.000000 0.000000
0 2.810000 0.000000 0.000000 -1.138050 0.000000 0.000000
28.200000 0.000000 0.000000 0.000000 1.410000 0.000000 0.000000 0.000000 1.410000
0 0.000000 0.000000 0.000000 1.156200 0.000000 0.000000
0 2.820000 0.000000 0.000000 -1.156200 0.000000 0.000000
28.300000 0.000000 0.000000 0.000000 1.415000 0.000000 0.000000 0.000000 1.415000
0 0.000000 0.000000 0.000000 1.174450 0.000000 0.000000
0 2.830000 0.000000 0.000000 -1.174450 0.000000 0.000000
28.400000 0.000000 0.000000 0.000000 1.420000 0.000000 0.000000 0.000000 1.420000
0 0.000000 0.000000 0.000000 1.192800 0.000000 0.000000
0 2.840000 0.000000 0.000000 -1.192800 0.000000 0.000000
28.500000 0.000000 0.000000 0.000000 1.425000 0.000000 0.000000 0.000000 1.425000
0 0.000000 0.000000 0.000000 1.211250 0.000000 0.000000
0 2.850000 0.000000 0.000000 -1.211250 0.000000 0.000000
28.600000 0.000000 0.000000 0.000000 1.430000 0.000000 0.000000 0.000000 1.430000
0 0.000000 0.000000 0.000000 1.229800 0.000000 0.000000
0 2.860000 0.000000 0.000000 -1.229800 0.000000 0.000000
28.700000 0.000000 0.000000 0.000000 1.435000 0.000000 0.000000 0.000000 1.435000
0 0.000000 0.000000 0.000000 1.248450 0.000000 0.000000
0 2.870000 0.000000 0.000000 -1.248450 0.000000 0.000000
28.800000 0.000000 0.000000 0.000000 1.440000 0.000000 0.000000 0.000000 1.440000
0 0.000000 0.000000 0.000000 1.267200 0.000000 0.000000
0 2.880000 0.000000 0.000000 -1.267200 0.000000 0.000000
28.900000 0.000000 0.000000 0.000000 1.445000 0.000000 0.000000 0.000000 1.445000
0 0.000000 0.000000 0.000000 1.286050 0.000000 0.000000
0 2.890000 0.000000 0.000000 -1.286050 0.000000 0.000000
29.000000 0.000000 0.000000 0.000000 1.450000 0.000000 0.000000 0.000000 1.450000
0 0.000000 0.000000 0.000000 1.305000 0.000000 0.000000
0 2.900000 0.000000 0.000000 -1.305000 0.000000 0.000000
29.100000 0.000000 0.000000 0.000000 1.455000 0.000000 0.000000 0.000000 1.455000
0 0.000000 0.000000 0.000000 1.324050 0.000000 0.000000
0 2.910000 0.000000 0.000000 -1.324050 0.000000 0.000000
29.200000 0.000000 0.000000 0.000000 1.460000 0.000000 0.000000 0.000000 1.460000
0 0.000000 0.000000 0.000000 1.343200 0.000000 0.000000
0 2.920000 0.000000 0.000000 -1.343200 0.000000 0.000000
29.300000 0.000000 0.000000 0.000000 1.465000 0.000000 0.000000 0.000000 1.465000
0 0.000000 0.000000 0.000000 1.362450 0.000000 0.000000
0 2.930000 0.000000 0.000000 -1.362450 0.000000 0.000000
29.400000 0.000000 0.000000 0.000000 1.470000 0.000000 0.000000 0.000000 1.470000
0 0.000000 0.000000 0.000000 1.381800 0.000000 0.000000
0 2.940000 0.000000 0.000000 -1.381800 0.000000 0.000000
29.500000 0.000000 0.000000 0.000000 1.475000 0.000000 0.000000 0.000000 1.475000
0 0.000000 0.000000 0.000000 1.401250 0.000000 0.000000
0 2.950000 0.000000 0.000000 -1.401250 0.000000 0.000000
29.600000 0.000000 0.000000 0.000000 1.480000 0.000000 0.000000 0.000000 1.480000
0 0.000000 0.000000 0.000000 1.420800 0.000000 0.000000
0 2.960000 0.000000 0.000000 -1.420800 0.000000 0.000000
29.700000 0.000000 0.000000 0.000000 1.485000 0.000000 0.000000 0.000000 1.485000
0 0.000000 0.000000 0.000000 1.440450 0.000000 0.000000
0 2.970000 0.000000 0.000000 -1.440450 0.000000 0.000000
29.800000 0.000000 0.000000 0.000000 1.490000 0.000000 0.000000 0.000000 1.490000
0 0.000000 0.000000 0.000000 1.460200 0.000000 0.000000
0 2.980000 0.000000 0.000000 -1.460200 0.000000 0.000000
29.900000 0.000000 0.000000 0.000000 1.495000 0.000000 0.000000 0.000000 1.495000
0 0.000000 0.000000 0.000000 1.480050 0.000000 0.000000
0 2.990000 0.000000 0.000000 -1.480050 0.000000 0.000000
30.000000 0.000000 0.000000 0.000000 1.500000 0.000000 0.000000 0.000000 1.500000
0 0.000000 0.000000 0.000000 1.500000 0.000000 0.000000
0 3.000000 0.000000 0.000000 -1.500000 0.000000 0.000000
0.083333 0.500000 0.000000 0.000000 0.000000 0.000000 0.000000
10.000000 0.000000 0.000000 0.000000 0.500000 0.000000 0.000000 0.000000 0.500000
0 0.000000 0.000000 0.000000
0 1.000000 0.000000 0.000000
0.078334 0.504950 0.000000 0.000000 0.000000 0.000000 0.000000
10.100000 0.000000 0.000000 0.000000 0.505000 0.000000 0.000000 0.000000 0.505000
0 0.000000 0.000000 0.000000
0 1.010000 0.000000 0.000000
0.073335 0.509796 0.000000 0.000000 0.000000 0.000000 0.000000
10.200000 0.000000 0.000000 0.000000 0.510000 0.000000 0.000000 0.000000 0.510000
0 0.000000 0.000000 0.000000
0 1.020000 0.000000 0.000000
0.068338 0.514536 0.000000 0.000000 0.000000 0.000000 0.000000
10.300000 0.000000 0.000000 0.000000 0.515000 0.000000 0.000000 0.000000 0.515000
0 0.000000 0.000000 0.000000
0 1.030000 0.000000 0.000000
0.063344 0.519168 0.000000 0.000000 0.000000 0.000000 0.000000
10.400000 0.000000 0.000000 0.000000 0.520000 0.000000 0.000000 0.000000 0.520000
0 0.000000 0.000000 0.000000
0 1.040000 0.000000 0.000000
0.058354 0.523687 0.000000 0.000000 0.000000 0.000000 0.000000
10.500000 0.000000 0.000000 0.000000 0.525000 0.000000 0.000000 0.000000 0.525000
0 0.000000 0.000000 0.000000
0 1.050000 0.000000 0.000000
0.053369 0.528092 0.000000 0.000000 0.000000 0.000000 0.000000
10.600000 0.000000 0.000000 0.000000 0.530000 0.000000 0.000000 0.000000 0.530000
0 0.000000 0.000000 0.000000
0 1.060000 0.000000 0.000000
0.048391 0.532378 0.000000 0.000000 0.000000 0.000000 0.000000
10.700000 0.000000 0.000000 0.000000 0.535000 0.000000 0.000000 0.000000 0.535000
0 0.000000 0.000000 0.000000
0 1.070000 0.000000 0.000000
0.043419 0.536544 0.000000 0.000000 0.000000 0.000000 0.000000
10.800000 0.000000 0.000000 0.000000 0.540000 0.000000 0.000000 0.000000 0.540000
0 0.000000 0.000000 0.000000
0 1.080000 0.000000 0.000000
0.038455 0.540585 0.000000 0.000000 0.000000 0.000000 0.000000
10.900000 0.000000 0.000000 0.000000 0.545000 0.000000 0.000000 0.000000 0.545000
0 0.000000 0.000000 0.000000
0 1.090000 0.000000 0.000000
0.033500 0.544500 0.000000 0.000000 0.000000 0.000000 0.000000
11.000000 0.000000 0.000000 0.000000 0.550000 0.000000 0.000000 0.000000 0.550000
0 0.000000 0.000000 0.000000
0 1.100000 0.000000 0.000000
0.028555 0.548284 0.000000 0.000000 0.000000 0.000000 0.000000
11.100000 0.000000 0.000000 0.000000 0.555000 0.000000 0.000000 0.000000 0.555000
0 0.000000 0.000000 0.000000
0 1.110000 0.000000 0.000000
0.023621 0.551936 0.000000 0.000000 0.000000 0.000000 0.000000
11.200000 0.000000 0.000000 0.000000 0.560000 0.000000 0.000000 0.000000 0.560000
0 0.000000 0.000000 0.000000
0 1.120000 0.000000 0.000000
0.018700 0.555451 0.000000 0.000000 0.000000 0.000000 0.000000
11.300000 0.000000 0.000000 0.000000 0.565000 0.000000 0.000000 0.000000 0.565000
0 0.000000 0.000000 0.000000
0 1.130000 0.000000 0.000000
0.013791 0.558828 0.000000 0.000000 0.000000 0.000000 0.000000
11.400000 0.000000 0.000000 0.000000 0.570000 0.000000 0.000000 0.000000 0.570000
0 0.000000 0.000000 0.000000
0 1.140000 0.000000 0.000000
0.008896 0.562063 0.000000 0.000000 0.000000 0.000000 0.000000
11.500000 0.000000 0.000000 0.000000 0.575000 0.000000 0.000000 0.000000 0.575000
0 0.000000 0.000000 0.000000
0 1.150000 0.000000 0.000000
0.004016 0.565152 0.000000 0.000000 0.000000 0.000000 0.000000
11.600000 0.000000 0.000000 0.000000 0.580000 0.000000 0.000000 0.000000 0.580000
0 0.000000 0.000000 0.000000
0 1.160000 0.000000 0.000000
-0.000848 0.568093 0.000000 0.000000 0.000000 0.000000 0.000000
11.700000 0.000000 0.000000 0.000000 0.585000 0.000000 0.000000 0.000000 0.585000
0 0.000000 0.000000 0.000000
0 1.170000 0.000000 0.000000
-0.005695 0.570884 0.000000 0.000000 0.000000 0.000000 0.000000
11.800000 0.000000 0.000000 0.000000 0.590000 0.000000 0.000000 0.000000 0.590000
0 0.000000 0.000000 0.000000
0 1.180000 0.000000 0.000000
-0.010523 0.573520 0.000000 0.000000 0.000000 0.000000 0.000000
11.900000 0.000000 0.000000 0.000000 0.595000 0.000000 0.000000 0.000000 0.595000
0 0.000000 0.000000 0.000000
0 1.190000 0.000000 0.000000
-0.015333 0.576000 0.000000 0.000000 0.000000 0.000000 0.000000
12.000000 0.000000 0.000000 0.000000 0.600000 0.000000 0.000000 0.000000 0.600000
0 0.000000 0.000000 0.000000
0 1.200000 0.000000 0.000000
-0.020123 0.578319 0.000000 0.000000 0.000000 0.000000 0.000000
12.100000 0.000000 0.000000 0.000000 0.605000 0.000000 0.000000 0.000000 0.605000
0 0.000000 0.000000 0.000000
0 1.210000 0.000000 0.000000
-0.024892 0.580476 0.000000 0.000000 0.000000 0.000000 0.000000
12.200000 0.000000 0.000000 0.000000 0.610000 0.000000 0.000000 0.000000 0.610000
0 0.000000 0.000000 0.000000
0 1.220000 0.000000 0.000000
-0.029639 0.582467 0.000000 0.000000 0.000000 0.000000 0.000000
12.300000 0.000000 0.000000 0.000000 0.615000 0.000000 0.000000 0.000000 0.615000
0 0.000000 0.000000 0.000000
0 1.230000 0.000000 0.000000
-0.034363 0.584288 0.000000 0.000000 0.000000 0.000000 0.000000
12.400000 0.000000 0.000000 0.000000 0.620000 0.000000 0.000000 0.000000 0.620000
0 0.000000 0.000000 0.000000
0 1.240000 0.000000 0.000000
-0.039063 0.585938 0.000000 0.000000 0.000000 0.000000 0.000000
12.500000 0.000000 0.000000 0.000000 0.625000 0.000000 0.000000 0.000000 0.625000
0 0.000000 0.000000 0.000000
0 1.250000 0.000000 0.000000
-0.043737 0.587412 0.000000 0.000000 0.000000 0.000000 0.000000
12.600000 0.000000 0.000000 0.000000 0.630000 0.000000 0.000000 0.000000 0.630000
0 0.000000 0.000000 0.000000
0 1.260000 0.000000 0.000000
-0.048386 0.588708 0.000000 0.000000 0.000000 0.000000 0.000000
12.700000 0.000000 0.000000 0.000000 0.635000 0.000000 0.000000 0.000000 0.635000
0 0.000000 0.000000 0.000000
0 1.270000 0.000000 0.000000
-0.053008 0.589824 0.000000 0.000000 0.000000 0.000000 0.000000
12.800000 0.000000 0.000000 0.000000 0.640000 0.000000 0.000000 0.000000 0.640000
0 0.000000 0.000000 0.000000
0 1.280000 0.000000 0.000000
-0.057602 0.590755 0.000000 0.000000 0.000000 0.000000 0.000000
12.900000 0.000000 0.000000 0.000000 0.645000 0.000000 0.000000 0.000000 0.645000
0 0.000000 0.000000 0.000000
0 1.290000 0.000000 0.000000
-0.062167 0.591500 0.000000 0.000000 0.000000 0.000000 0.000000
13.000000 0.000000 0.000000 0.000000 0.650000 0.000000 0.000000 0.000000 0.650000
0 0.000000 0.000000 0.000000
0 1.300000 0.000000 0.000000
-0.066702 0.592055 0.000000 0.000000 0.000000 0.000000 0.000000
13.100000 0.000000 0.000000 0.000000 0.655000 0.000000 0.000000 0.000000 0.655000
0 0.000000 0.000000 0.000000
0 1.310000 0.000000 0.000000
-0.071205 0.592416 0.000000 0.000000 0.000000 0.000000 0.000000
13.200000 0.000000 0.000000 0.000000 0.660000 0.000000 0.000000 0.000000 0.660000
0 0.000000 0.000000 0.000000
0 1.320000 0.000000 0.000000
-0.075677 0.592581 0.000000 0.000000 0.000000 0.000000 0.000000
13.300000 0.000000 0.000000 0.000000 0.665000 0.000000 0.000000 0.000000 0.665000
0 0.000000 0.000000 0.000000
0 1.330000 0.000000 0.000000
-0.080116 0.592548 0.000000 0.000000 0.000000 0.000000 0.000000
13.400000 0.000000 0.000000 0.000000 0.670000 0.000000 0.000000 0.000000 0.670000
0 0.000000 0.000000 0.000000
0 1.340000 0.000000 0.000000
-0.084521 0.592313 0.000000 0.000000 0.000000 0.000000 0.000000
13.500000 0.000000 0.000000 0.000000 0.675000 0.000000 0.000000 0.000000 0.675000
0 0.000000 0.000000 0.000000
0 1.350000 0.000000 0.000000
-0.088891 0.591872 0.000000 0.000000 0.000000 0.000000 0.000000
13.600000 0.000000 0.000000 0.000000 0.680000 0.000000 0.000000 0.000000 0.680000
0 0.000000 0.000000 0.000000
0 1.360000 0.000000 0.000000
-0.093225 0.591224 0.000000 0.000000 0.000000 0.000000 0.000000
13.700000 0.000000 0.000000 0.000000 0.685000 0.000000 0.000000 0.000000 0.685000
0 0.000000 0.000000 0.000000
0 1.370000 0.000000 0.000000
-0.097521 0.590364 0.000000 0.000000 0.000000 0.000000 0.000000
13.800000 0.000000 0.000000 0.000000 0.690000 0.000000 0.000000 0.000000 0.690000
0 0.000000 0.000000 0.000000
0 1.380000 0.000000 0.000000
-0.101780 0.589290 0.000000 0.000000 0.000000 0.000000 0.000000
13.900000 0.000000 0.000000 0.000000 0.695000 0.000000 0.000000 0.000000 0.695000
0 0.000000 0.000000 0.000000
0 1.390000 0.000000 0.000000
-0.106000 0.588000 0.000000 0.000000 0.000000 0.000000 0.000000
14.000000 0.000000 0.000000 0.000000 0.700000 0.000000 0.000000 0.000000 0.700000
0 0.000000 0.000000 0.000000
0 1.400000 0.000000 0.000000
-0.110180 0.586490 0.000000 0.000000 0.000000 0.000000 0.000000
14.100000 0.000000 0.000000 0.000000 0.705000 0.000000 0.000000 0.000000 0.705000
0 0.000000 0.000000 0.000000
0 1.410000 0.000000 0.000000
-0.114319 0.584756 0.000000 0.000000 0.000000 0.000000 0.000000
14.200000 0.000000 0.000000 0.000000 0.710000 0.000000 0.000000 0.000000 0.710000
0 0.000000 0.000000 0.000000
0 1.420000 0.000000 0.000000
-0.118415 0.582796 0.000000 0.000000 0.000000 0.000000 0.000000
14.300000 0.000000 0.000000 0.000000 0.715000 0.000000 0.000000 0.000000 0.715000
0 0.000000 0.000000 0.000000
0 1.430000 0.000000 0.000000
-0.122469 0.580608 0.000000 0.000000 0.000000 0.000000 0.000000
14.400000 0.000000 0.000000 0.000000 0.720000 0.000000 0.000000 0.000000 0.720000
0 0.000000 0.000000 0.000000
0 1.440000 0.000000 0.000000
-0.126479 0.578188 0.000000 0.000000 0.000000 0.000000 0.000000
14.500000 0.000000 0.000000 0.000000 0.725000 0.000000 0.000000 0.000000 0.725000
0 0.000000 0.000000 0.000000
0 1.450000 0.000000 0.000000
-0.130444 0.575532 0.000000 0.000000 0.000000 0.000000 0.000000
14.600000 0.000000 0.000000 0.000000 0.730000 0.000000 0.000000 0.000000 0.730000
0 0.000000 0.000000 0.000000
0 1.460000 0.000000 0.000000
-0.134363 0.572638 0.000000 0.000000 0.000000 0.000000 0.000000
14.700000 0.000000 0.000000 0.000000 0.735000 0.000000 0.000000 0.000000 0.735000
0 0.000000 0.000000 0.000000
0 1.470000 0.000000 0.000000
-0.138235 0.569504 0.000000 0.000000 0.000000 0.000000 0.000000
14.800000 0.000000 0.000000 0.000000 0.740000 0.000000 0.000000 0.000000 0.740000
0 0.000000 0.000000 0.000000
0 1.480000 0.000000 0.000000
-0.142059 0.566125 0.000000 0.000000 0.000000 0.000000 0.000000
14.900000 0.000000 0.000000 0.000000 0.745000 0.000000 0.000000 0.000000 0.745000
0 0.000000 0.000000 0.000000
0 1.490000 0.000000 0.000000
-0.145833 0.562500 0.000000 0.000000 0.000000 0.000000 0.000000
15.000000 0.000000 0.000000 0.000000 0.750000 0.000000 0.000000 0.000000 0.750000
0 0.000000 0.000000 0.000000
0 1.500000 0.000000 0.000000
-0.149558 0.558624 0.000000 0.000000 0.000000 0.000000 0.000000
15.100000 0.000000 0.000000 0.000000 0.755000 0.000000 0.000000 0.000000 0.755000
0 0.000000 0.000000 0.000000
0 1.510000 0.000000 0.000000
-0.153232 0.554496 0.000000 0.000000 0.000000 0.000000 0.000000
15.200000 0.000000 0.000000 0.000000 0.760000 0.000000 0.000000 0.000000 0.760000
0 0.000000 0.000000 0.000000
0 1.520000 0.000000 0.000000
-0.156854 0.550111 0.000000 0.000000 0.000000 0.000000 0.000000
15.300000 0.000000 0.000000 0.000000 0.765000 0.000000 0.000000 0.000000 0.765000
0 0.000000 0.000000 0.000000
0 1.530000 0.000000 0.000000
-0.160423 0.545468 0.000000 0.000000 0.000000 0.000000 0.000000
15.400000 0.000000 0.000000 0.000000 0.770000 0.000000 0.000000 0.000000 0.770000
0 0.000000 0.000000 0.000000
0 1.540000 0.000000 0.000000
-0.163938 0.540563 0.000000 0.000000 0.000000 0.000000 0.000000
15.500000 0.000000 0.000000 0.000000 0.775000 0.000000 0.000000 0.000000 0.775000
0 0.000000 0.000000 0.000000
0 1.550000 0.000000 0.000000
-0.167397 0.535392 0.000000 0.000000 0.000000 0.000000 0.000000
15.600000 0.000000 0.000000 0.000000 0.780000 0.000000 0.000000 0.000000 0.780000
0 0.000000 0.000000 0.000000
0 1.560000 0.000000 0.000000
-0.170801 0.529953 0.000000 0.000000 0.000000 0.000000 0.000000
15.700000 0.000000 0.000000 0.000000 0.785000 0.000000 0.000000 0.000000 0.785000
0 0.000000 0.000000 0.000000
0 1.570000 0.000000 0.000000
-0.174148 0.524244 0.000000 0.000000 0.000000 0.000000 0.000000
15.800000 0.000000 0.000000 0.000000 0.790000 0.000000 0.000000 0.000000 0.790000
0 0.000000 0.000000 0.000000
0 1.580000 0.000000 0.000000
-0.177437 0.518261 0.000000 0.000000 0.000000 0.000000 0.000000
15.900000 0.000000 0.000000 0.000000 0.795000 0.000000 0.000000 0.000000 0.795000
0 0.000000 0.000000 0.000000
0 1.590000 0.000000 0.000000
-0.180667 0.512000 0.000000 0.000000 0.000000 0.000000 0.000000
16.000000 0.000000 0.000000 0.000000 0.800000 0.000000 0.000000 0.000000 0.800000
0 0.000000 0.000000 0.000000
0 1.600000 0.000000 0.000000
-0.183836 0.505460 0.000000 0.000000 0.000000 0.000000 0.000000
16.100000 0.000000 0.000000 0.000000 0.805000 0.000000 0.000000 0.000000 0.805000
0 0.000000 0.000000 0.000000
0 1.610000 0.000000 0.000000
-0.186945 0.498636 0.000000 0.000000 0.000000 0.000000 0.000000
16.200000 0.000000 0.000000 0.000000 0.810000 0.000000 0.000000 0.000000 0.810000
0 0.000000 0.000000 0.000000
0 1.620000 0.000000 0.000000
-0.189992 0.491527 0.000000 0.000000 0.000000 0.000000 0.000000
16.300000 0.000000 0.000000 0.000000 0.815000 0.000000 0.000000 0.000000 0.815000
0 0.000000 0.000000 0.000000
0 1.630000 0.000000 0.000000
-0.192976 0.484128 0.000000 0.000000 0.000000 0.000000 0.000000
16.400000 0.000000 0.000000 0.000000 0.820000 0.000000 0.000000 0.000000 0.820000
0 0.000000 0.000000 0.000000
0 1.640000 0.000000 0.000000
-0.195896 0.476438 0.000000 0.000000 0.000000 0.000000 0.000000
16.500000 0.000000 0.000000 0.000000 0.825000 0.000000 0.000000 0.000000 0.825000
0 0.000000 0.000000 0.000000
0 1.650000 0.000000 0.000000
-0.198751 0.468452 0.000000 0.000000 0.000000 0.000000 0.000000
16.600000 0.000000 0.000000 0.000000 0.830000 0.000000 0.000000 0.000000 0.830000
0 0.000000 0.000000 0.000000
0 1.660000 0.000000 0.000000
-0.201539 0.460169 0.000000 0.000000 0.000000 0.000000 0.000000
16.700000 0.000000 0.000000 0.000000 0.835000 0.000000 0.000000 0.000000 0.835000
0 0.000000 0.000000 0.000000
0 1.670000 0.000000 0.000000
-0.204261 0.451584 0.000000 0.000000 0.000000 0.000000 0.000000
16.800000 0.000000 0.000000 0.000000 0.840000 0.000000 0.000000 0.000000 0.840000
0 0.000000 0.000000 0.000000
0 1.680000 0.000000 0.000000
-0.206915 0.442696 0.000000 0.000000 0.000000 0.000000 0.000000
16.900000 0.000000 0.000000 0.000000 0.845000 0.000000 0.000000 0.000000 0.845000
0 0.000000 0.000000 0.000000
0 1.690000 0.000000 0.000000
-0.209500 0.433500 0.000000 0.000000 0.000000 0.000000 0.000000
17.000000 0.000000 0.000000 0.000000 0.850000 0.000000 0.000000 0.000000 0.850000
0 0.000000 0.000000 0.000000
0 1.700000 0.000000 0.000000
-0.212015 0.423995 0.000000 0.000000 0.000000 0.000000 0.000000
17.100000 0.000000 0.000000 0.000000 0.855000 0.000000 0.000000 0.000000 0.855000
0 0.000000 0.000000 0.000000
0 1.710000 0.000000 0.000000
-0.214459 0.414176 0.000000 0.000000 0.000000 0.000000 0.000000
17.200000 0.000000 0.000000 0.000000 0.860000 0.000000 0.000000 0.000000 0.860000
0 0.000000 0.000000 0.000000
0 1.720000 0.000000 0.000000
-0.216830 0.404042 0.000000 0.000000 0.000000 0.000000 0.000000
17.300000 0.000000 0.000000 0.000000 0.865000 0.000000 0.000000 0.000000 0.865000
0 0.000000 0.000000 0.000000
0 1.730000 0.000000 0.000000
-0.219129 0.393588 0.000000 0.000000 0.000000 0.000000 0.000000
17.400000 0.000000 0.000000 0.000000 0.870000 0.000000 0.000000 0.000000 0.870000
0 0.000000 0.000000 0.000000
0 1.740000 0.000000 0.000000
-0.221354 0.382813 0.000000 0.000000 0.000000 0.000000 0.000000
17.500000 0.000000 0.000000 0.000000 0.875000 0.000000 0.000000 0.000000 0.875000
0 0.000000 0.000000 0.000000
0 1.750000 0.000000 0.000000
-0.223504 0.371712 0.000000 0.000000 0.000000 0.000000 0.000000
17.600000 0.000000 0.000000 0.000000 0.880000 0.000000 0.000000 0.000000 0.880000
0 0.000000 0.000000 0.000000
0 1.760000 0.000000 0.000000
-0.225578 0.360283 0.000000 0.000000 0.000000 0.000000 0.000000
17.700000 0.000000 0.000000 0.000000 0.885000 0.000000 0.000000 0.000000 0.885000
0 0.000000 0.000000 0.000000
0 1.770000 0.000000 0.000000
-0.227575 0.348524 0.000000 0.000000 0.000000 0.000000 0.000000
17.800000 0.000000 0.000000 0.000000 0.890000 0.000000 0.000000 0.000000 0.890000
0 0.000000 0.000000 0.000000
0 1.780000 0.000000 0.000000
-0.229494 0.336430 0.000000 0.000000 0.000000 0.000000 0.000000
17.900000 0.000000 0.000000 0.000000 0.895000 0.000000 0.000000 0.000000 0.895000
0 0.000000 0.000000 0.000000
0 1.790000 0.000000 0.000000
-0.231333 0.324000 0.000000 0.000000 0.000000 0.000000 0.000000
18.000000 0.000000 0.000000 0.000000 0.900000 0.000000 0.000000 0.000000 0.900000
0 0.000000 0.000000 0.000000
0 1.800000 0.000000 0.000000
-0.233093 0.311229 0.000000 0.000000 0.000000 0.000000 0.000000
18.100000 0.000000 0.000000 0.000000 0.905000 0.000000 0.000000 0.000000 0.905000
0 0.000000 0.000000 0.000000
0 1.810000 0.000000 0.000000
-0.234772 0.298116 0.000000 0.000000 0.000000 0.000000 0.000000
18.200000 0.000000 0.000000 0.000000 0.910000 0.000000 0.000000 0.000000 0.910000
0 0.000000 0.000000 0.000000
0 1.820000 0.000000 0.000000
-0.236369 0.284656 0.000000 0.000000 0.000000 0.000000 0.000000
18.300000 0.000000 0.000000 0.000000 0.915000 0.000000 0.000000 0.000000 0.915000
0 0.000000 0.000000 0.000000
0 1.830000 0.000000 0.000000
-0.237883 0.270848 0.000000 0.000000 0.000000 0.000000 0.000000
18.400000 0.000000 0.000000 0.000000 0.920000 0.000000 0.000000 0.000000 0.920000
0 0.000000 0.000000 0.000000
0 1.840000 0.000000 0.000000
-0.239313 0.256687 0.000000 0.000000 0.000000 0.000000 0.000000
18.500000 0.000000 0.000000 0.000000 0.925000 0.000000 0.000000 0.000000 0.925000
0 0.000000 0.000000 0.000000
0 1.850000 0.000000 0.000000
-0.240657 0.242172 0.000000 0.000000 0.000000 0.000000 0.000000
18.600000 0.000000 0.000000 0.000000 0.930000 0.000000 0.000000 0.000000 0.930000
0 0.000000 0.000000 0.000000
0 1.860000 0.000000 0.000000
-0.241916 0.227298 0.000000 0.000000 0.000000 0.000000 0.000000
18.700000 0.000000 0.000000 0.000000 0.935000 0.000000 0.000000 0.000000 0.935000
0 0.000000 0.000000 0.000000
0 1.870000 0.000000 0.000000
-0.243088 0.212064 0.000000 0.000000 0.000000 0.000000 0.000000
18.800000 0.000000 0.000000 0.000000 0.940000 0.000000 0.000000 0.000000 0.940000
0 0.000000 0.000000 0.000000
0 1.880000 0.000000 0.000000
-0.244172 0.196465 0.000000 0.000000 0.000000 0.000000 0.000000
18.900000 0.000000 0.000000 0.000000 0.945000 0.000000 0.000000 0.000000 0.945000
0 0.000000 0.000000 0.000000
0 1.890000 0.000000 0.000000
-0.245167 0.180500 0.000000 0.000000 0.000000 0.000000 0.000000
19.000000 0.000000 0.000000 0.000000 0.950000 0.000000 0.000000 0.000000 0.950000
0 0.000000 0.000000 0.000000
0 1.900000 0.000000 0.000000
-0.246072 0.164164 0.000000 0.000000 0.000000 0.000000 0.000000
19.100000 0.000000 0.000000 0.000000 0.955000 0.000000 0.000000 0.000000 0.955000
0 0.000000 0.000000 0.000000
0 1.910000 0.000000 0.000000
-0.246885 0.147456 0.000000 0.000000 0.000000 0.000000 0.000000
19.200000 0.000000 0.000000 0.000000 0.960000 0.000000 0.000000 0.000000 0.960000
0 0.000000 0.000000 0.000000
0 1.920000 0.000000 0.000000
-0.247607 0.130371 0.000000 0.000000 0.000000 0.000000 0.000000
19.300000 0.000000 0.000000 0.000000 0.965000 0.000000 0.000000 0.000000 0.965000
0 0.000000 0.000000 0.000000
0 1.930000 0.000000 0.000000
-0.248236 0.112908 0.000000 0.000000 0.000000 0.000000 0.000000
19.400000 0.000000 0.000000 0.000000 0.970000 0.000000 0.000000 0.000000 0.970000
0 0.000000 0.000000 0.000000
0 1.940000 0.000000 0.000000
-0.248771 0.095062 0.000000 0.000000 0.000000 0.000000 0.000000
19.500000 0.000000 0.000000 0.000000 0.975000 0.000000 0.000000 0.000000 0.975000
0 0.000000 0.000000 0.000000
0 1.950000 0.000000 0.000000
-0.249211 0.076832 0.000000 0.000000 0.000000 0.000000 0.000000
19.600000 0.000000 0.000000 0.000000 0.980000 0.000000 0.000000 0.000000 0.980000
0 0.000000 0.000000 0.000000
0 1.960000 0.000000 0.000000
-0.249555 0.058214 0.000000 0.000000 0.000000 0.000000 0.000000
19.700000 0.000000 0.000000 0.000000 0.985000 0.000000 0.000000 0.000000 0.985000
0 0.000000 0.000000 0.000000
0 1.970000 0.000000 0.000000
-0.249801 0.039204 0.000000 0.000000 0.000000 0.000000 0.000000
19.800000 0.000000 0.000000 0.000000 0.990000 0.000000 0.000000 0.000000 0.990000
0 0.000000 0.000000 0.000000
0 1.980000 0.000000 0.000000
-0.249950 0.019801 0.000000 0.000000 0.000000 0.000000 0.000000
19.900000 0.000000 0.000000 0.000000 0.995000 0.000000 0.000000 0.000000 0.995000
0 0.000000 0.000000 0.000000
0 1.990000 0.000000 0.000000
-0.250000 0.000000 0.000000 0.000000 0.000000 0.000000 0.000000
20.000000 0.000000 0.000000 0.000000 1.000000 0.000000 0.000000 0.000000 1.000000
0 0.000000 0.000000 0.000000
0 2.000000 0.000000 0.000000
-0.249950 -0.020200 0.000000 0.000000 0.000000 0.000000 0.000000
20.100000 0.000000 0.000000 0.000000 1.005000 0.000000 0.000000 0.000000 1.005000
0 0.000000 0.000000 0.000000
0 2.010000 0.000000 0.000000
-0.249799 -0.040804 0.000000 0.000000 0.000000 0.000000 0.000000
20.200000 0.000000 0.000000 0.000000 1.010000 0.000000 0.000000 0.000000 1.010000
0 0.000000 0.000000 0.000000
0 2.020000 0.000000 0.000000
-0.249546 -0.061814 0.000000 0.000000 0.000000 0.000000 0.000000
20.300000 0.000000 0.000000 0.000000 1.015000 0.000000 0.000000 0.000000 1.015000
0 0.000000 0.000000 0.000000
0 2.030000 0.000000 0.000000
-0.249189 -0.083232 0.000000 0.000000 0.000000 0.000000 0.000000
20.400000 0.000000 0.000000 0.000000 1.020000 0.000000 0.000000 0.000000 1.020000
0 0.000000 0.000000 0.000000
0 2.040000 0.000000 0.000000
-0.248729 -0.105062 0.000000 0.000000 0.000000 0.000000 0.000000
20.500000 0.000000 0.000000 0.000000 1.025000 0.000000 0.000000 0.000000 1.025000
0 0.000000 0.000000 0.000000
0 2.050000 0.000000 0.000000
-0.248164 -0.127308 0.000000 0.000000 0.000000 0.000000 0.000000
20.600000 0.000000 0.000000 0.000000 1.030000 0.000000 0.000000 0.000000 1.030000
0 0.000000 0.000000 0.000000
0 2.060000 0.000000 0.000000
-0.247493 -0.149971 0.000000 0.000000 0.000000 0.000000 0.000000
20.700000 0.000000 0.000000 0.000000 1.035000 0.000000 0.000000 0.000000 1.035000
0 0.000000 0.000000 0.000000
0 2.070000 0.000000 0.000000
-0.246715 -0.173056 0.000000 0.000000 0.000000 0.000000 0.000000
20.800000 0.000000 0.000000 0.000000 1.040000 0.000000 0.000000 0.000000 1.040000
0 0.000000 0.000000 0.000000
0 2.080000 0.000000 0.000000
-0.245829 -0.196564 0.000000 0.000000 0.000000 0.000000 0.000000
20.900000 0.000000 0.000000 0.000000 1.045000 0.000000 0.000000 0.000000 1.045000
0 0.000000 0.000000 0.000000
0 2.090000 0.000000 0.000000
-0.244833 -0.220500 0.000000 0.000000 0.000000 0.000000 0.000000
21.000000 0.000000 0.000000 0.000000 1.050000 0.000000 0.000000 0.000000 1.050000
0 0.000000 0.000000 0.000000
0 2.100000 0.000000 0.000000
-0.243728 -0.244865 0.000000 0.000000 0.000000 0.000000 0.000000
21.100000 0.000000 0.000000 0.000000 1.055000 0.000000 0.000000 0.000000 1.055000
0 0.000000 0.000000 0.000000
0 2.110000 0.000000 0.000000
-0.242512 -0.269664 0.000000 0.000000 0.000000 0.000000 0.000000
21.200000 0.000000 0.000000 0.000000 1.060000 0.000000 0.000000 0.000000 1.060000
0 0.000000 0.000000 0.000000
0 2.120000 0.000000 0.000000
-0.241184 -0.294898 0.000000 0.000000 0.000000 0.000000 0.000000
21.300000 0.000000 0.000000 0.000000 1.065000 0.000000 0.000000 0.000000 1.065000
0 0.000000 0.000000 0.000000
0 2.130000 0.000000 0.000000
-0.239743 -0.320572 0.000000 0.000000 0.000000 0.000000 0.000000
21.400000 0.000000 0.000000 0.000000 1.070000 0.000000 0.000000 0.000000 1.070000
0 0.000000 0.000000 0.000000
0 2.140000 0.000000 0.000000
-0.238188 -0.346687 0.000000 0.000000 0.000000 0.000000 0.000000
21.500000 0.000000 0.000000 0.000000 1.075000 0.000000 0.000000 0.000000 1.075000
0 0.000000 0.000000 0.000000
0 2.150000 0.000000 0.000000
-0.236517 -0.373248 0.000000 0.000000 0.000000 0.000000 0.000000
21.600000 0.000000 0.000000 0.000000 1.080000 0.000000 0.000000 0.000000 1.080000
0 0.000000 0.000000 0.000000
0 2.160000 0.000000 0.000000
-0.234731 -0.400256 0.000000 0.000000 0.000000 0.000000 0.000000
21.700000 0.000000 0.000000 0.000000 1.085000 0.000000 0.000000 0.000000 1.085000
0 0.000000 0.000000 0.000000
0 2.170000 0.000000 0.000000
-0.232828 -0.427716 0.000000 0.000000 0.000000 0.000000 0.000000
21.800000 0.000000 0.000000 0.000000 1.090000 0.000000 0.000000 0.000000 1.090000
0 0.000000 0.000000 0.000000
0 2.180000 0.000000 0.000000
-0.230807 -0.455629 0.000000 0.000000 0.000000 0.000000 0.000000
21.900000 0.000000 0.000000 0.000000 1.095000 0.000000 0.000000 0.000000 1.095000
0 0.000000 0.000000 0.000000
0 2.190000 0.000000 0.000000
-0.228667 -0.484000 0.000000 0.000000 0.000000 0.000000 0.000000
22.000000 0.000000 0.000000 0.000000 1.100000 0.000000 0.000000 0.000000 1.100000
0 0.000000 0.000000 0.000000
0 2.200000 0.000000 0.000000
-0.226407 -0.512830 0.000000 0.000000 0.000000 0.000000 0.000000
22.100000 0.000000 0.000000 0.000000 1.105000 0.000000 0.000000 0.000000 1.105000
0 0.000000 0.000000 0.000000
0 2.210000 0.000000 0.000000
-0.224025 -0.542124 0.000000 0.000000 0.000000 0.000000 0.000000
22.200000 0.000000 0.000000 0.000000 1.110000 0.000000 0.000000 0.000000 1.110000
0 0.000000 0.000000 0.000000
0 2.220000 0.000000 0.000000
-0.221522 -0.571883 0.000000 0.000000 0.000000 0.000000 0.000000
22.300000 0.000000 0.000000 0.000000 1.115000 0.000000 0.000000 0.000000 1.115000
0 0.000000 0.000000 0.000000
0 2.230000 0.000000 0.000000
-0.218896 -0.602112 0.000000 0.000000 0.000000 0.000000 0.000000
22.400000 0.000000 0.000000 0.000000 1.120000 0.000000 0.000000 0.000000 1.120000
0 0.000000 0.000000 0.000000
0 2.240000 0.000000 0.000000
-0.216146 -0.632813 0.000000 0.000000 0.000000 0.000000 0.000000
22.500000 0.000000 0.000000 0.000000 1.125000 0.000000 0.000000 0.000000 1.125000
0 0.000000 0.000000 0.000000
0 2.250000 0.000000 0.000000
-0.213271 -0.663988 0.000000 0.000000 0.000000 0.000000 0.000000
22.600000 0.000000 0.000000 0.000000 1.130000 0.000000 0.000000 0.000000 1.130000
0 0.000000 0.000000 0.000000
0 2.260000 0.000000 0.000000
-0.210270 -0.695642 0.000000 0.000000 0.000000 0.000000 0.000000
22.700000 0.000000 0.000000 0.000000 1.135000 0.000000 0.000000 0.000000 1.135000
0 0.000000 0.000000 0.000000
0 2.270000 0.000000 0.000000
-0.207141 -0.727776 0.000000 0.000000 0.000000 0.000000 0.000000
22.800000 0.000000 0.000000 0.000000 1.140000 0.000000 0.000000 0.000000 1.140000
0 0.000000 0.000000 0.000000
0 2.280000 0.000000 0.000000
-0.203885 -0.760395 0.000000 0.000000 0.000000 0.000000 0.000000
22.900000 0.000000 0.000000 0.000000 1.145000 0.000000 0.000000 0.000000 1.145000
0 0.000000 0.000000 0.000000
0 2.290000 0.000000 0.000000
-0.200500 -0.793500 0.000000 0.000000 0.000000 0.000000 0.000000
23.000000 0.000000 0.000000 0.000000 1.150000 0.000000 0.000000 0.000000 1.150000
0 0.000000 0.000000 0.000000
0 2.300000 0.000000 0.000000
-0.196985 -0.827096 0.000000 0.000000 0.000000 0.000000 0.000000
23.100000 0.000000 0.000000 0.000000 1.155000 0.000000 0.000000 0.000000 1.155000
0 0.000000 0.000000 0.000000
0 2.310000 0.000000 0.000000
-0.193339 -0.861184 0.000000 0.000000 0.000000 0.000000 0.000000
23.200000 0.000000 0.000000 0.000000 1.160000 0.000000 0.000000 0.000000 1.160000
0 0.000000 0.000000 0.000000
0 2.320000 0.000000 0.000000
-0.189560 -0.895769 0.000000 0.000000 0.000000 0.000000 0.000000
23.300000 0.000000 0.000000 0.000000 1.165000 0.000000 0.000000 0.000000 1.165000
0 0.000000 0.000000 0.000000
0 2.330000 0.000000 0.000000
-0.185649 -0.930852 0.000000 0.000000 0.000000 0.000000 0.000000
23.400000 0.000000 0.000000 0.000000 1.170000 0.000000 0.000000 0.000000 1.170000
0 0.000000 0.000000 0.000000
0 2.340000 0.000000 0.000000
-0.181604 -0.966438 0.000000 0.000000 0.000000 0.000000 0.000000
23.500000 0.000000 0.000000 0.000000 1.175000 0.000000 0.000000 0.000000 1.175000
0 0.000000 0.000000 0.000000
0 2.350000 0.000000 0.000000
-0.177424 -1.002528 0.000000 0.000000 0.000000 0.000000 0.000000
23.600000 0.000000 0.000000 0.000000 1.180000 0.000000 0.000000 0.000000 1.180000
0 0.000000 0.000000 0.000000
0 2.360000 0.000000 0.000000
-0.173108 -1.039127 0.000000 0.000000 0.000000 0.000000 0.000000
23.700000 0.000000 0.000000 0.000000 1.185000 0.000000 0.000000 0.000000 1.185000
0 0.000000 0.000000 0.000000
0 2.370000 0.000000 0.000000
-0.168655 -1.076236 0.000000 0.000000 0.000000 0.000000 0.000000
23.800000 0.000000 0.000000 0.000000 1.190000 0.000000 0.000000 0.000000 1.190000
0 0.000000 0.000000 0.000000
0 2.380000 0.000000 0.000000
-0.164063 -1.113860 0.000000 0.000000 0.000000 0.000000 0.000000
23.900000 0.000000 0.000000 0.000000 1.195000 0.000000 0.000000 0.000000 1.195000
0 0.000000 0.000000 0.000000
0 2.390000 0.000000 0.000000
-0.159333 -1.152000 0.000000 0.000000 0.000000 0.000000 0.000000
24.000000 0.000000 0.000000 0.000000 1.200000 0.000000 0.000000 0.000000 1.200000
0 0.000000 0.000000 0.000000
0 2.400000 0.000000 0.000000
-0.154463 -1.190661 0.000000 0.000000 0.000000 0.000000 0.000000
24.100000 0.000000 0.000000 0.000000 1.205000 0.000000 0.000000 0.000000 1.205000
0 0.000000 0.000000 0.000000
0 2.410000 0.000000 0.000000
-0.149452 -1.229844 0.000000 0.000000 0.000000 0.000000 0.000000
24.200000 0.000000 0.000000 0.000000 1.210000 0.000000 0.000000 0.000000 1.210000
0 0.000000 0.000000 0.000000
0 2.420000 0.000000 0.000000
-0.144299 -1.269553 0.000000 0.000000 0.000000 0.000000 0.000000
24.300000 0.000000 0.000000 0.000000 1.215000 0.000000 0.000000 0.000000 1.215000
0 0.000000 0.000000 0.000000
0 2.430000 0.000000 0.000000
-0.139003 -1.309792 0.000000 0.000000 0.000000 0.000000 0.000000
24.400000 0.000000 0.000000 0.000000 1.220000 0.000000 0.000000 0.000000 1.220000
0 0.000000 0.000000 0.000000
0 2.440000 0.000000 0.000000
-0.133562 -1.350563 0.000000 0.000000 0.000000 0.000000 0.000000
24.500000 0.000000 0.000000 0.000000 1.225000 0.000000 0.000000 0.000000 1.225000
0 0.000000 0.000000 0.000000
0 2.450000 0.000000 0.000000
-0.127977 -1.391868 0.000000 0.000000 0.000000 0.000000 0.000000
24.600000 0.000000 0.000000 0.000000 1.230000 0.000000 0.000000 0.000000 1.230000
0 0.000000 0.000000 0.000000
0 2.460000 0.000000 0.000000
-0.122246 -1.433711 0.000000 0.000000 0.000000 0.000000 0.000000
24.700000 0.000000 0.000000 0.000000 1.235000 0.000000 0.000000 0.000000 1.235000
0 0.000000 0.000000 0.000000
0 2.470000 0.000000 0.000000
-0.116368 -1.476096 0.000000 0.000000 0.000000 0.000000 0.000000
24.800000 0.000000 0.000000 0.000000 1.240000 0.000000 0.000000 0.000000 1.240000
0 0.000000 0.000000 0.000000
0 2.480000 0.000000 0.000000
-0.110342 -1.519025 0.000000 0.000000 0.000000 0.000000 0.000000
24.900000 0.000000 0.000000 0.000000 1.245000 0.000000 0.000000 0.000000 1.245000
0 0.000000 0.000000 0.000000
0 2.490000 0.000000 0.000000
-0.104167 -1.562500 0.000000 0.000000 0.000000 0.000000 0.000000
25.000000 0.000000 0.000000 0.000000 1.250000 0.000000 0.000000 0.000000 1.250000
0 0.000000 0.000000 0.000000
0 2.500000 0.000000 0.000000
-0.097842 -1.606525 0.000000 0.000000 0.000000 0.000000 0.000000
25.100000 0.000000 0.000000 0.000000 1.255000 0.000000 0.000000 0.000000 1.255000
0 0.000000 0.000000 0.000000
0 2.510000 0.000000 0.000000
-0.091365 -1.651104 0.000000 0.000000 0.000000 0.000000 0.000000
25.200000 0.000000 0.000000 0.000000 1.260000 0.000000 0.000000 0.000000 1.260000
0 0.000000 0.000000 0.000000
0 2.520000 0.000000 0.000000
-0.084737 -1.696239 0.000000 0.000000 0.000000 0.000000 0.000000
25.300000 0.000000 0.000000 0.000000 1.265000 0.000000 0.000000 0.000000 1.265000
0 0.000000 0.000000 0.000000
0 2.530000 0.000000 0.000000
-0.077956 -1.741932 0.000000 0.000000 0.000000 0.000000 0.000000
25.400000 0.000000 0.000000 0.000000 1.270000 0.000000 0.000000 0.000000 1.270000
0 0.000000 0.000000 0.000000
0 2.540000 0.000000 0.000000
-0.071021 -1.788187 0.000000 0.000000 0.000000 0.000000 0.000000
25.500000 0.000000 0.000000 0.000000 1.275000 0.000000 0.000000 0.000000 1.275000
0 0.000000 0.000000 0.000000
0 2.550000 0.000000 0.000000
-0.063931 -1.835008 0.000000 0.000000 0.000000 0.000000 0.000000
25.600000 0.000000 0.000000 0.000000 1.280000 0.000000 0.000000 0.000000 1.280000
0 0.000000 0.000000 0.000000
0 2.560000 0.000000 0.000000
-0.056684 -1.882397 0.000000 0.000000 0.000000 0.000000 0.000000
25.700000 0.000000 0.000000 0.000000 1.285000 0.000000 0.000000 0.000000 1.285000
0 0.000000 0.000000 0.000000
0 2.570000 0.000000 0.000000
-0.049281 -1.930356 0.000000 0.000000 0.000000 0.000000 0.000000
25.800000 0.000000 0.000000 0.000000 1.290000 0.000000 0.000000 0.000000 1.290000
0 0.000000 0.000000 0.000000
0 2.580000 0.000000 0.000000
-0.041720 -1.978889 0.000000 0.000000 0.000000 0.000000 0.000000
25.900000 0.000000 0.000000 0.000000 1.295000 0.000000 0.000000 0.000000 1.295000
0 0.000000 0.000000 0.000000
0 2.590000 0.000000 0.000000
-0.034000 -2.028000 0.000000 0.000000 0.000000 0.000000 0.000000
26.000000 0.000000 0.000000 0.000000 1.300000 0.000000 0.000000 0.000000 1.300000
0 0.000000 0.000000 0.000000
0 2.600000 0.000000 0.000000
-0.026120 -2.077690 0.000000 0.000000 0.000000 0.000000 0.000000
26.100000 0.000000 0.000000 0.000000 1.305000 0.000000 0.000000 0.000000 1.305000
0 0.000000 0.000000 0.000000
0 2.610000 0.000000 0.000000
-0.018079 -2.127964 0.000000 0.000000 0.000000 0.000000 0.000000
26.200000 0.000000 0.000000 0.000000 1.310000 0.000000 0.000000 0.000000 1.310000
0 0.000000 0.000000 0.000000
0 2.620000 0.000000 0.000000
-0.009876 -2.178823 0.000000 0.000000 0.000000 0.000000 0.000000
26.300000 0.000000 0.000000 0.000000 1.315000 0.000000 0.000000 0.000000 1.315000
0 0.000000 0.000000 0.000000
0 2.630000 0.000000 0.000000
-0.001509 -2.230272 0.000000 0.000000 0.000000 0.000000 0.000000
26.400000 0.000000 0.000000 0.000000 1.320000 0.000000 0.000000 0.000000 1.320000
0 0.000000 0.000000 0.000000
0 2.640000 0.000000 0.000000
0.007021 -2.282312 0.000000 0.000000 0.000000 0.000000 0.000000
26.500000 0.000000 0.000000 0.000000 1.325000 0.000000 0.000000 0.000000 1.325000
0 0.000000 0.000000 0.000000
0 2.650000 0.000000 0.000000
0.015716 -2.334948 0.000000 0.000000 0.000000 0.000000 0.000000
26.600000 0.000000 0.000000 0.000000 1.330000 0.000000 0.000000 0.000000 1.330000
0 0.000000 0.000000 0.000000
0 2.660000 0.000000 0.000000
0.024577 -2.388181 0.000000 0.000000 0.000000 0.000000 0.000000
26.700000 0.000000 0.000000 0.000000 1.335000 0.000000 0.000000 0.000000 1.335000
0 0.000000 0.000000 0.000000
0 2.670000 0.000000 0.000000
0.033605 -2.442016 0.000000 0.000000 0.000000 0.000000 0.000000
26.800000 0.000000 0.000000 0.000000 1.340000 0.000000 0.000000 0.000000 1.340000
0 0.000000 0.000000 0.000000
0 2.680000 0.000000 0.000000
0.042801 -2.496454 0.000000 0.000000 0.000000 0.000000 0.000000
26.900000 0.000000 0.000000 0.000000 1.345000 0.000000 0.000000 0.000000 1.345000
0 0.000000 0.000000 0.000000
0 2.690000 0.000000 0.000000
0.052167 -2.551500 0.000000 0.000000 0.000000 0.000000 0.000000
27.000000 0.000000 0.000000 0.000000 1.350000 0.000000 0.000000 0.000000 1.350000
0 0.000000 0.000000 0.000000
0 2.700000 0.000000 0.000000
0.061702 -2.607155 0.000000 0.000000 0.000000 0.000000 0.000000
27.100000 0.000000 0.000000 0.000000 1.355000 0.000000 0.000000 0.000000 1.355000
0 0.000000 0.000000 0.000000
0 2.710000 0.000000 0.000000
0.071408 -2.663424 0.000000 0.000000 0.000000 0.000000 0.000000
27.200000 0.000000 0.000000 0.000000 1.360000 0.000000 0.000000 0.000000 1.360000
0 0.000000 0.000000 0.000000
0 2.720000 0.000000 0.000000
0.081286 -2.720308 0.000000 0.000000 0.000000 0.000000 0.000000
27.300000 0.000000 0.000000 0.000000 1.365000 0.000000 0.000000 0.000000 1.365000
0 0.000000 0.000000 0.000000
0 2.730000 0.000000 0.000000
0.091337 -2.777812 0.000000 0.000000 0.000000 0.000000 0.000000
27.400000 0.000000 0.000000 0.000000 1.370000 0.000000 0.000000 0.000000 1.370000
0 0.000000 0.000000 0.000000
0 2.740000 0.000000 0.000000
0.101563 -2.835938 0.000000 0.000000 0.000000 0.000000 0.000000
27.500000 0.000000 0.000000 0.000000 1.375000 0.000000 0.000000 0.000000 1.375000
0 0.000000 0.000000 0.000000
0 2.750000 0.000000 0.000000
0.111963 -2.894688 0.000000 0.000000 0.000000 0.000000 0.000000
27.600000 0.000000 0.000000 0.000000 1.380000 0.000000 0.000000 0.000000 1.380000
0 0.000000 0.000000 0.000000
0 2.760000 0.000000 0.000000
0.122539 -2.954067 0.000000 0.000000 0.000000 0.000000 0.000000
27.700000 0.000000 0.000000 0.000000 1.385000 0.000000 0.000000 0.000000 1.385000
0 0.000000 0.000000 0.000000
0 2.770000 0.000000 0.000000
0.133292 -3.014076 0.000000 0.000000 0.000000 0.000000 0.000000
27.800000 0.000000 0.000000 0.000000 1.390000 0.000000 0.000000 0.000000 1.390000
0 0.000000 0.000000 0.000000
0 2.780000 0.000000 0.000000
0.144223 -3.074720 0.000000 0.000000 0.000000 0.000000 0.000000
27.900000 0.000000 0.000000 0.000000 1.395000 0.000000 0.000000 0.000000 1.395000
0 0.000000 0.000000 0.000000
0 2.790000 0.000000 0.000000
0.155333 -3.136000 0.000000 0.000000 0.000000 0.000000 0.000000
28.000000 0.000000 0.000000 0.000000 1.400000 0.000000 0.000000 0.000000 1.400000
0 0.000000 0.000000 0.000000
0 2.800000 0.000000 0.000000
0.166624 -3.197921 0.000000 0.000000 0.000000 0.000000 0.000000
28.100000 0.000000 0.000000 0.000000 1.405000 0.000000 0.000000 0.000000 1.405000
0 0.000000 0.000000 0.000000
0 2.810000 0.000000 0.000000
0.178095 -3.260484 0.000000 0.000000 0.000000 0.000000 0.000000
28.200000 0.000000 0.000000 0.000000 1.410000 0.000000 0.000000 0.000000 1.410000
0 0.000000 0.000000 0.000000
0 2.820000 0.000000 0.000000
0.189748 -3.323694 0.000000 0.000000 0.000000 0.000000 0.000000
28.300000 0.000000 0.000000 0.000000 1.415000 0.000000 0.000000 0.000000 1.415000
0 0.000000 0.000000 0.000000
0 2.830000 0.000000 0.000000
0.201584 -3.387552 0.000000 0.000000 0.000000 0.000000 0.000000
28.400000 0.000000 0.000000 0.000000 1.420000 0.000000 0.000000 0.000000 1.420000
0 0.000000 0.000000 0.000000
0 2.840000 0.000000 0.000000
0.213604 -3.452063 0.000000 0.000000 0.000000 0.000000 0.000000
28.500000 0.000000 0.000000 0.000000 1.425000 0.000000 0.000000 0.000000 1.425000
0 0.000000 0.000000 0.000000
0 2.850000 0.000000 0.000000
0.225809 -3.517228 0.000000 0.000000 0.000000 0.000000 0.000000
28.600000 0.000000 0.000000 0.000000 1.430000 0.000000 0.000000 0.000000 1.430000
0 0.000000 0.000000 0.000000
0 2.860000 0.000000 0.000000
0.238201 -3.583052 0.000000 0.000000 0.000000 0.000000 0.000000
28.700000 0.000000 0.000000 0.000000 1.435000 0.000000 0.000000 0.000000 1.435000
0 0.000000 0.000000 0.000000
0 2.870000 0.000000 0.000000
0.250779 -3.649536 0.000000 0.000000 0.000000 0.000000 0.000000
28.800000 0.000000 0.000000 0.000000 1.440000 0.000000 0.000000 0.000000 1.440000
0 0.000000 0.000000 0.000000
0 2.880000 0.000000 0.000000
0.263545 -3.716685 0.000000 0.000000 0.000000 0.000000 0.000000
28.900000 0.000000 0.000000 0.000000 1.445000 0.000000 0.000000 0.000000 1.445000
0 0.000000 0.000000 0.000000
0 2.890000 0.000000 0.000000
0.276500 -3.784500 0.000000 0.000000 0.000000 0.000000 0.000000
29.000000 0.000000 0.000000 0.000000 1.450000 0.000000 0.000000 0.000000 1.450000
0 0.000000 0.000000 0.000000
0 2.900000 0.000000 0.000000
0.289645 -3.852986 0.000000 0.000000 0.000000 0.000000 0.000000
29.100000 0.000000 0.000000 0.000000 1.455000 0.000000 0.000000 0.000000 1.455000
0 0.000000 0.000000 0.000000
0 2.910000 0.000000 0.000000
0.302981 -3.922144 0.000000 0.000000 0.000000 0.000000 0.000000
29.200000 0.000000 0.000000 0.000000 1.460000 0.000000 0.000000 0.000000 1.460000
0 0.000000 0.000000 0.000000
0 2.920000 0.000000 0.000000
0.316509 -3.991978 0.000000 0.000000 0.000000 0.000000 0.000000
29.300000 0.000000 0.000000 0.000000 1.465000 0.000000 0.000000 0.000000 1.465000
0 0.000000 0.000000 0.000000
0 2.930000 0.000000 0.000000
0.330231 -4.062492 0.000000 0.000000 0.000000 0.000000 0.000000
29.400000 0.000000 0.000000 0.000000 1.470000 0.000000 0.000000 0.000000 1.470000
0 0.000000 0.000000 0.000000
0 2.940000 0.000000 0.000000
0.344146 -4.133688 0.000000 0.000000 0.000000 0.000000 0.000000
29.500000 0.000000 0.000000 0.000000 1.475000 0.000000 0.000000 0.000000 1.475000
0 0.000000 0.000000 0.000000
0 2.950000 0.000000 0.000000
0.358256 -4.205568 0.000000 0.000000 0.000000 0.000000 0.000000
29.600000 0.000000 0.000000 0.000000 1.480000 0.000000 0.000000 0.000000 1.480000
0 0.000000 0.000000 0.000000
0 2.960000 0.000000 0.000000
0.372562 -4.278136 0.000000 0.000000 0.000000 0.000000 0.000000
29.700000 0.000000 0.000000 0.000000 1.485000 0.000000 0.000000 0.000000 1.485000
0 0.000000 0.000000 0.000000
0 2.970000 0.000000 0.000000
0.387065 -4.351396 0.000000 0.000000 0.000000 0.000000 0.000000
29.800000 0.000000 0.000000 0.000000 1.490000 0.000000 0.000000 0.000000 1.490000
0 0.000000 0.000000 0.000000
0 2.980000 0.000000 0.000000
0.401767 -4.425350 0.000000 0.000000 0.000000 0.000000 0.000000
29.900000 0.000000 0.000000 0.000000 1.495000 0.000000 0.000000 0.000000 1.495000
0 0.000000 0.000000 0.000000
0 2.990000 0.000000 0.000000
0.416667 -4.500000 0.000000 0.000000 0.000000 0.000000 0.000000
30.000000 0.000000 0.000000 0.000000 1.500000 0.000000 0.000000 0.000000 1.500000
0 0.000000 0.000000 0.000000
0 3.000000 0.000000 0.000000
