0    1.413988     0.221849     0.852181
0    6.555038     0.221849    -0.019575
0   11.696088     0.221849    -0.891332
0   16.837138     0.221849    -1.763088
0    1.413988     5.417110     0.852181
0    6.555038     5.417110    -0.019575
0   11.696088     5.417110    -0.891332
0   16.837138     5.417110    -1.763088
0    1.413988    10.612371     0.852181
0    6.555038    10.612371    -0.019575
0   11.696088    10.612371    -0.891332
0   16.837138    10.612371    -1.763088
0    1.413988    15.807632     0.852181
0    6.555038    15.807632    -0.019575
0   11.696088    15.807632    -0.891332
0   16.837138    15.807632    -1.763088
0    1.391495     0.221849     6.107156
0    6.532545     0.221849     5.235400
0   11.673595     0.221849     4.363644
0   16.814645     0.221849     3.491887
0    1.391495     5.417110     6.107156
0    6.532545     5.417110     5.235400
0   11.673595     5.417110     4.363644
0   16.814645     5.417110     3.491887
0    1.391495    10.612371     6.107156
0    6.532545    10.612371     5.235400
0   11.673595    10.612371     4.363644
0   16.814645    10.612371     3.491887
0    1.391495    15.807632     6.107156
0    6.532545    15.807632     5.235400
0   11.673595    15.807632     4.363644
0   16.814645    15.807632     3.491887
0    1.369003     0.221849    11.362131
0    6.510053     0.221849    10.490375
0   11.651103     0.221849     9.618619
0   16.792153     0.221849     8.746863
0    1.369003     5.417110    11.362131
0    6.510053     5.417110    10.490375
0   11.651103     5.417110     9.618619
0   16.792153     5.417110     8.746863
0    1.369003    10.612371    11.362131
0    6.510053    10.612371    10.490375
0   11.651103    10.612371     9.618619
0   16.792153    10.612371     8.746863
0    1.369003    15.807632    11.362131
0    6.510053    15.807632    10.490375
0   11.651103    15.807632     9.618619
0   16.792153    15.807632     8.746863
0    1.346510     0.221849    16.617107
0    6.487560     0.221849    15.745350
0   11.628610     0.221849    14.873594
0   16.769660     0.221849    14.001838
0    1.346510     5.417110    16.617107
0    6.487560     5.417110    15.745350
0   11.628610     5.417110    14.873594
0   16.769660     5.417110    14.001838
0    1.346510    10.612371    16.617107
0    6.487560    10.612371    15.745350
0   11.628610    10.612371    14.873594
0   16.769660    10.612371    14.001838
0    1.346510    15.807632    16.617107
0    6.487560    15.807632    15.745350
0   11.628610    15.807632    14.873594
0   16.769660    15.807632    14.001838
0    3.704570     4.973412     3.531038
0    8.845620     4.973412     2.659282
0   13.986670     4.973412     1.787525
0   19.127720     4.973412     0.915769
0    3.704570    10.168673     3.531038
0    8.845620    10.168673     2.659282
0   13.986670    10.168673     1.787525
0   19.127720    10.168673     0.915769
0    3.704570    15.363934     3.531038
0    8.845620    15.363934     2.659282
0   13.986670    15.363934     1.787525
0   19.127720    15.363934     0.915769
0    3.704570    20.559195     3.531038
0    8.845620    20.559195     2.659282
0   13.986670    20.559195     1.787525
0   19.127720    20.559195     0.915769
0    3.682077     4.973412     8.786013
0    8.823127     4.973412     7.914257
0   13.964177     4.973412     7.042501
0   19.105227     4.973412     6.170744
0    3.682077    10.168673     8.786013
0    8.823127    10.168673     7.914257
0   13.964177    10.168673     7.042501
0   19.105227    10.168673     6.170744
0    3.682077    15.363934     8.786013
0    8.823127    15.363934     7.914257
0   13.964177    15.363934     7.042501
0   19.105227    15.363934     6.170744
0    3.682077    20.559195     8.786013
0    8.823127    20.559195     7.914257
0   13.964177    20.559195     7.042501
0   19.105227    20.559195     6.170744
0    3.659585     4.973412    14.040988
0    8.800635     4.973412    13.169232
0   13.941685     4.973412    12.297476
0   19.082735     4.973412    11.425720
0    3.659585    10.168673    14.040988
0    8.800635    10.168673    13.169232
0   13.941685    10.168673    12.297476
0   19.082735    10.168673    11.425720
0    3.659585    15.363934    14.040988
0    8.800635    15.363934    13.169232
0   13.941685    15.363934    12.297476
0   19.082735    15.363934    11.425720
0    3.659585    20.559195    14.040988
0    8.800635    20.559195    13.169232
0   13.941685    20.559195    12.297476
0   19.082735    20.559195    11.425720
0    3.637092     4.973412    19.295964
0    8.778142     4.973412    18.424207
0   13.919192     4.973412    17.552451
0   19.060242     4.973412    16.680695
0    3.637092    10.168673    19.295964
0    8.778142    10.168673    18.424207
0   13.919192    10.168673    17.552451
0   19.060242    10.168673    16.680695
0    3.637092    15.363934    19.295964
0    8.778142    15.363934    18.424207
0   13.919192    15.363934    17.552451
0   19.060242    15.363934    16.680695
0    3.637092    20.559195    19.295964
0    8.778142    20.559195    18.424207
0   13.919192    20.559195    17.552451
0   19.060242    20.559195    16.680695
0    3.715816     2.819479     0.903550
0    8.856866     2.819479     0.031794
0   13.997916     2.819479    -0.839962
0   19.138966     2.819479    -1.711718
0    3.715816     8.014740     0.903550
0    8.856866     8.014740     0.031794
0   13.997916     8.014740    -0.839962
0   19.138966     8.014740    -1.711718
0    3.715816    13.210001     0.903550
0    8.856866    13.210001     0.031794
0   13.997916    13.210001    -0.839962
0   19.138966    13.210001    -1.711718
0    3.715816    18.405262     0.903550
0    8.856866    18.405262     0.031794
0   13.997916    18.405262    -0.839962
0   19.138966    18.405262    -1.711718
0    3.693323     2.819479     6.158526
0    8.834373     2.819479     5.286769
0   13.975423     2.819479     4.415013
0   19.116473     2.819479     3.543257
0    3.693323     8.014740     6.158526
0    8.834373     8.014740     5.286769
0   13.975423     8.014740     4.415013
0   19.116473     8.014740     3.543257
0    3.693323    13.210001     6.158526
0    8.834373    13.210001     5.286769
0   13.975423    13.210001     4.415013
0   19.116473    13.210001     3.543257
0    3.693323    18.405262     6.158526
0    8.834373    18.405262     5.286769
0   13.975423    18.405262     4.415013
0   19.116473    18.405262     3.543257
0    3.670831     2.819479    11.413501
0    8.811881     2.819479    10.541745
0   13.952931     2.819479     9.669988
0   19.093981     2.819479     8.798232
0    3.670831     8.014740    11.413501
0    8.811881     8.014740    10.541745
0   13.952931     8.014740     9.669988
0   19.093981     8.014740     8.798232
0    3.670831    13.210001    11.413501
0    8.811881    13.210001    10.541745
0   13.952931    13.210001     9.669988
0   19.093981    13.210001     8.798232
0    3.670831    18.405262    11.413501
0    8.811881    18.405262    10.541745
0   13.952931    18.405262     9.669988
0   19.093981    18.405262     8.798232
0    3.648338     2.819479    16.668476
0    8.789388     2.819479    15.796720
0   13.930438     2.819479    14.924964
0   19.071488     2.819479    14.053207
0    3.648338     8.014740    16.668476
0    8.789388     8.014740    15.796720
0   13.930438     8.014740    14.924964
0   19.071488     8.014740    14.053207
0    3.648338    13.210001    16.668476
0    8.789388    13.210001    15.796720
0   13.930438    13.210001    14.924964
0   19.071488    13.210001    14.053207
0    3.648338    18.405262    16.668476
0    8.789388    18.405262    15.796720
0   13.930438    18.405262    14.924964
0   19.071488    18.405262    14.053207
0    1.402742     2.375781     3.479669
0    6.543792     2.375781     2.607912
0   11.684842     2.375781     1.736156
0   16.825892     2.375781     0.864400
0    1.402742     7.571042     3.479669
0    6.543792     7.571042     2.607912
0   11.684842     7.571042     1.736156
0   16.825892     7.571042     0.864400
0    1.402742    12.766303     3.479669
0    6.543792    12.766303     2.607912
0   11.684842    12.766303     1.736156
0   16.825892    12.766303     0.864400
0    1.402742    17.961564     3.479669
0    6.543792    17.961564     2.607912
0   11.684842    17.961564     1.736156
0   16.825892    17.961564     0.864400
0    1.380249     2.375781     8.734644
0    6.521299     2.375781     7.862888
0   11.662349     2.375781     6.991131
0   16.803399     2.375781     6.119375
0    1.380249     7.571042     8.734644
0    6.521299     7.571042     7.862888
0   11.662349     7.571042     6.991131
0   16.803399     7.571042     6.119375
0    1.380249    12.766303     8.734644
0    6.521299    12.766303     7.862888
0   11.662349    12.766303     6.991131
0   16.803399    12.766303     6.119375
0    1.380249    17.961564     8.734644
0    6.521299    17.961564     7.862888
0   11.662349    17.961564     6.991131
0   16.803399    17.961564     6.119375
0    1.357757     2.375781    13.989619
0    6.498807     2.375781    13.117863
0   11.639857     2.375781    12.246107
0   16.780907     2.375781    11.374350
0    1.357757     7.571042    13.989619
0    6.498807     7.571042    13.117863
0   11.639857     7.571042    12.246107
0   16.780907     7.571042    11.374350
0    1.357757    12.766303    13.989619
0    6.498807    12.766303    13.117863
0   11.639857    12.766303    12.246107
0   16.780907    12.766303    11.374350
0    1.357757    17.961564    13.989619
0    6.498807    17.961564    13.117863
0   11.639857    17.961564    12.246107
0   16.780907    17.961564    11.374350
0    1.335264     2.375781    19.244594
0    6.476314     2.375781    18.372838
0   11.617364     2.375781    17.501082
0   16.758414     2.375781    16.629326
0    1.335264     7.571042    19.244594
0    6.476314     7.571042    18.372838
0   11.617364     7.571042    17.501082
0   16.758414     7.571042    16.629326
0    1.335264    12.766303    19.244594
0    6.476314    12.766303    18.372838
0   11.617364    12.766303    17.501082
0   16.758414    12.766303    16.629326
0    1.335264    17.961564    19.244594
0    6.476314    17.961564    18.372838
0   11.617364    17.961564    17.501082
0   16.758414    17.961564    16.629326
1    0.342061     1.715978     1.764185
1    5.483111     1.715978     0.892429
1   10.624161     1.715978     0.020673
1   15.765211     1.715978    -0.851084
1    0.342061     6.911239     1.764185
1    5.483111     6.911239     0.892429
1   10.624161     6.911239     0.020673
1   15.765211     6.911239    -0.851084
1    0.342061    12.106500     1.764185
1    5.483111    12.106500     0.892429
1   10.624161    12.106500     0.020673
1   15.765211    12.106500    -0.851084
1    0.342061    17.301761     1.764185
1    5.483111    17.301761     0.892429
1   10.624161    17.301761     0.020673
1   15.765211    17.301761    -0.851084
1    0.319569     1.715978     7.019160
1    5.460619     1.715978     6.147404
1   10.601669     1.715978     5.275648
1   15.742719     1.715978     4.403892
1    0.319569     6.911239     7.019160
1    5.460619     6.911239     6.147404
1   10.601669     6.911239     5.275648
1   15.742719     6.911239     4.403892
1    0.319569    12.106500     7.019160
1    5.460619    12.106500     6.147404
1   10.601669    12.106500     5.275648
1   15.742719    12.106500     4.403892
1    0.319569    17.301761     7.019160
1    5.460619    17.301761     6.147404
1   10.601669    17.301761     5.275648
1   15.742719    17.301761     4.403892
1    0.297076     1.715978    12.274136
1    5.438126     1.715978    11.402379
1   10.579176     1.715978    10.530623
1   15.720226     1.715978     9.658867
1    0.297076     6.911239    12.274136
1    5.438126     6.911239    11.402379
1   10.579176     6.911239    10.530623
1   15.720226     6.911239     9.658867
1    0.297076    12.106500    12.274136
1    5.438126    12.106500    11.402379
1   10.579176    12.106500    10.530623
1   15.720226    12.106500     9.658867
1    0.297076    17.301761    12.274136
1    5.438126    17.301761    11.402379
1   10.579176    17.301761    10.530623
1   15.720226    17.301761     9.658867
1    0.274584     1.715978    17.529111
1    5.415634     1.715978    16.657355
1   10.556684     1.715978    15.785598
1   15.697734     1.715978    14.913842
1    0.274584     6.911239    17.529111
1    5.415634     6.911239    16.657355
1   10.556684     6.911239    15.785598
1   15.697734     6.911239    14.913842
1    0.274584    12.106500    17.529111
1    5.415634    12.106500    16.657355
1   10.556684    12.106500    15.785598
1   15.697734    12.106500    14.913842
1    0.274584    17.301761    17.529111
1    5.415634    17.301761    16.657355
1   10.556684    17.301761    15.785598
1   15.697734    17.301761    14.913842
1    4.776496     3.479283     2.619034
1    9.917546     3.479283     1.747277
1   15.058596     3.479283     0.875521
1   20.199646     3.479283     0.003765
1    4.776496     8.674544     2.619034
1    9.917546     8.674544     1.747277
1   15.058596     8.674544     0.875521
1   20.199646     8.674544     0.003765
1    4.776496    13.869805     2.619034
1    9.917546    13.869805     1.747277
1   15.058596    13.869805     0.875521
1   20.199646    13.869805     0.003765
1    4.776496    19.065066     2.619034
1    9.917546    19.065066     1.747277
1   15.058596    19.065066     0.875521
1   20.199646    19.065066     0.003765
1    4.754004     3.479283     7.874009
1    9.895054     3.479283     7.002253
1   15.036104     3.479283     6.130496
1   20.177154     3.479283     5.258740
1    4.754004     8.674544     7.874009
1    9.895054     8.674544     7.002253
1   15.036104     8.674544     6.130496
1   20.177154     8.674544     5.258740
1    4.754004    13.869805     7.874009
1    9.895054    13.869805     7.002253
1   15.036104    13.869805     6.130496
1   20.177154    13.869805     5.258740
1    4.754004    19.065066     7.874009
1    9.895054    19.065066     7.002253
1   15.036104    19.065066     6.130496
1   20.177154    19.065066     5.258740
1    4.731511     3.479283    13.128984
1    9.872561     3.479283    12.257228
1   15.013611     3.479283    11.385472
1   20.154661     3.479283    10.513715
1    4.731511     8.674544    13.128984
1    9.872561     8.674544    12.257228
1   15.013611     8.674544    11.385472
1   20.154661     8.674544    10.513715
1    4.731511    13.869805    13.128984
1    9.872561    13.869805    12.257228
1   15.013611    13.869805    11.385472
1   20.154661    13.869805    10.513715
1    4.731511    19.065066    13.128984
1    9.872561    19.065066    12.257228
1   15.013611    19.065066    11.385472
1   20.154661    19.065066    10.513715
1    4.709019     3.479283    18.383959
1    9.850069     3.479283    17.512203
1   14.991119     3.479283    16.640447
1   20.132169     3.479283    15.768691
1    4.709019     8.674544    18.383959
1    9.850069     8.674544    17.512203
1   14.991119     8.674544    16.640447
1   20.132169     8.674544    15.768691
1    4.709019    13.869805    18.383959
1    9.850069    13.869805    17.512203
1   14.991119    13.869805    16.640447
1   20.132169    13.869805    15.768691
1    4.709019    19.065066    18.383959
1    9.850069    19.065066    17.512203
1   14.991119    19.065066    16.640447
1   20.132169    19.065066    15.768691
1    4.787742     4.313608    -0.008454
1    9.928792     4.313608    -0.880210
1   15.069842     4.313608    -1.751966
1   20.210892     4.313608    -2.623723
1    4.787742     9.508869    -0.008454
1    9.928792     9.508869    -0.880210
1   15.069842     9.508869    -1.751966
1   20.210892     9.508869    -2.623723
1    4.787742    14.704130    -0.008454
1    9.928792    14.704130    -0.880210
1   15.069842    14.704130    -1.751966
1   20.210892    14.704130    -2.623723
1    4.787742    19.899391    -0.008454
1    9.928792    19.899391    -0.880210
1   15.069842    19.899391    -1.751966
1   20.210892    19.899391    -2.623723
1    4.765250     4.313608     5.246521
1    9.906300     4.313608     4.374765
1   15.047350     4.313608     3.503009
1   20.188400     4.313608     2.631253
1    4.765250     9.508869     5.246521
1    9.906300     9.508869     4.374765
1   15.047350     9.508869     3.503009
1   20.188400     9.508869     2.631253
1    4.765250    14.704130     5.246521
1    9.906300    14.704130     4.374765
1   15.047350    14.704130     3.503009
1   20.188400    14.704130     2.631253
1    4.765250    19.899391     5.246521
1    9.906300    19.899391     4.374765
1   15.047350    19.899391     3.503009
1   20.188400    19.899391     2.631253
1    4.742757     4.313608    10.501497
1    9.883807     4.313608     9.629740
1   15.024857     4.313608     8.757984
1   20.165907     4.313608     7.886228
1    4.742757     9.508869    10.501497
1    9.883807     9.508869     9.629740
1   15.024857     9.508869     8.757984
1   20.165907     9.508869     7.886228
1    4.742757    14.704130    10.501497
1    9.883807    14.704130     9.629740
1   15.024857    14.704130     8.757984
1   20.165907    14.704130     7.886228
1    4.742757    19.899391    10.501497
1    9.883807    19.899391     9.629740
1   15.024857    19.899391     8.757984
1   20.165907    19.899391     7.886228
1    4.720265     4.313608    15.756472
1    9.861315     4.313608    14.884716
1   15.002365     4.313608    14.012959
1   20.143415     4.313608    13.141203
1    4.720265     9.508869    15.756472
1    9.861315     9.508869    14.884716
1   15.002365     9.508869    14.012959
1   20.143415     9.508869    13.141203
1    4.720265    14.704130    15.756472
1    9.861315    14.704130    14.884716
1   15.002365    14.704130    14.012959
1   20.143415    14.704130    13.141203
1    4.720265    19.899391    15.756472
1    9.861315    19.899391    14.884716
1   15.002365    19.899391    14.012959
1   20.143415    19.899391    13.141203
1    0.330815     0.881652     4.391673
1    5.471865     0.881652     3.519917
1   10.612915     0.881652     2.648160
1   15.753965     0.881652     1.776404
1    0.330815     6.076913     4.391673
1    5.471865     6.076913     3.519917
1   10.612915     6.076913     2.648160
1   15.753965     6.076913     1.776404
1    0.330815    11.272174     4.391673
1    5.471865    11.272174     3.519917
1   10.612915    11.272174     2.648160
1   15.753965    11.272174     1.776404
1    0.330815    16.467435     4.391673
1    5.471865    16.467435     3.519917
1   10.612915    16.467435     2.648160
1   15.753965    16.467435     1.776404
1    0.308323     0.881652     9.646648
1    5.449373     0.881652     8.774892
1   10.590423     0.881652     7.903136
1   15.731473     0.881652     7.031379
1    0.308323     6.076913     9.646648
1    5.449373     6.076913     8.774892
1   10.590423     6.076913     7.903136
1   15.731473     6.076913     7.031379
1    0.308323    11.272174     9.646648
1    5.449373    11.272174     8.774892
1   10.590423    11.272174     7.903136
1   15.731473    11.272174     7.031379
1    0.308323    16.467435     9.646648
1    5.449373    16.467435     8.774892
1   10.590423    16.467435     7.903136
1   15.731473    16.467435     7.031379
1    0.285830     0.881652    14.901623
1    5.426880     0.881652    14.029867
1   10.567930     0.881652    13.158111
1   15.708980     0.881652    12.286355
1    0.285830     6.076913    14.901623
1    5.426880     6.076913    14.029867
1   10.567930     6.076913    13.158111
1   15.708980     6.076913    12.286355
1    0.285830    11.272174    14.901623
1    5.426880    11.272174    14.029867
1   10.567930    11.272174    13.158111
1   15.708980    11.272174    12.286355
1    0.285830    16.467435    14.901623
1    5.426880    16.467435    14.029867
1   10.567930    16.467435    13.158111
1   15.708980    16.467435    12.286355
1    0.263338     0.881652    20.156599
1    5.404388     0.881652    19.284842
1   10.545438     0.881652    18.413086
1   15.686488     0.881652    17.541330
1    0.263338     6.076913    20.156599
1    5.404388     6.076913    19.284842
1   10.545438     6.076913    18.413086
1   15.686488     6.076913    17.541330
1    0.263338    11.272174    20.156599
1    5.404388    11.272174    19.284842
1   10.545438    11.272174    18.413086
1   15.686488    11.272174    17.541330
1    0.263338    16.467435    20.156599
1    5.404388    16.467435    19.284842
1   10.545438    16.467435    18.413086
1   15.686488    16.467435    17.541330
1    2.296333     3.934955     2.118317
1    7.437383     3.934955     1.246561
1   12.578433     3.934955     0.374805
1   17.719483     3.934955    -0.496952
1    2.296333     9.130216     2.118317
1    7.437383     9.130216     1.246561
1   12.578433     9.130216     0.374805
1   17.719483     9.130216    -0.496952
1    2.296333    14.325477     2.118317
1    7.437383    14.325477     1.246561
1   12.578433    14.325477     0.374805
1   17.719483    14.325477    -0.496952
1    2.296333    19.520738     2.118317
1    7.437383    19.520738     1.246561
1   12.578433    19.520738     0.374805
1   17.719483    19.520738    -0.496952
1    2.273840     3.934955     7.373292
1    7.414890     3.934955     6.501536
1   12.555940     3.934955     5.629780
1   17.696990     3.934955     4.758024
1    2.273840     9.130216     7.373292
1    7.414890     9.130216     6.501536
1   12.555940     9.130216     5.629780
1   17.696990     9.130216     4.758024
1    2.273840    14.325477     7.373292
1    7.414890    14.325477     6.501536
1   12.555940    14.325477     5.629780
1   17.696990    14.325477     4.758024
1    2.273840    19.520738     7.373292
1    7.414890    19.520738     6.501536
1   12.555940    19.520738     5.629780
1   17.696990    19.520738     4.758024
1    2.251348     3.934955    12.628268
1    7.392398     3.934955    11.756511
1   12.533448     3.934955    10.884755
1   17.674498     3.934955    10.012999
1    2.251348     9.130216    12.628268
1    7.392398     9.130216    11.756511
1   12.533448     9.130216    10.884755
1   17.674498     9.130216    10.012999
1    2.251348    14.325477    12.628268
1    7.392398    14.325477    11.756511
1   12.533448    14.325477    10.884755
1   17.674498    14.325477    10.012999
1    2.251348    19.520738    12.628268
1    7.392398    19.520738    11.756511
1   12.533448    19.520738    10.884755
1   17.674498    19.520738    10.012999
1    2.228855     3.934955    17.883243
1    7.369905     3.934955    17.011487
1   12.510955     3.934955    16.139730
1   17.652005     3.934955    15.267974
1    2.228855     9.130216    17.883243
1    7.369905     9.130216    17.011487
1   12.510955     9.130216    16.139730
1   17.652005     9.130216    15.267974
1    2.228855    14.325477    17.883243
1    7.369905    14.325477    17.011487
1   12.510955    14.325477    16.139730
1   17.652005    14.325477    15.267974
1    2.228855    19.520738    17.883243
1    7.369905    19.520738    17.011487
1   12.510955    19.520738    16.139730
1   17.652005    19.520738    15.267974
1    2.822225     1.260306     2.264902
1    7.963275     1.260306     1.393146
1   13.104325     1.260306     0.521389
1   18.245375     1.260306    -0.350367
1    2.822225     6.455567     2.264902
1    7.963275     6.455567     1.393146
1   13.104325     6.455567     0.521389
1   18.245375     6.455567    -0.350367
1    2.822225    11.650828     2.264902
1    7.963275    11.650828     1.393146
1   13.104325    11.650828     0.521389
1   18.245375    11.650828    -0.350367
1    2.822225    16.846089     2.264902
1    7.963275    16.846089     1.393146
1   13.104325    16.846089     0.521389
1   18.245375    16.846089    -0.350367
1    2.799732     1.260306     7.519877
1    7.940782     1.260306     6.648121
1   13.081832     1.260306     5.776365
1   18.222882     1.260306     4.904608
1    2.799732     6.455567     7.519877
1    7.940782     6.455567     6.648121
1   13.081832     6.455567     5.776365
1   18.222882     6.455567     4.904608
1    2.799732    11.650828     7.519877
1    7.940782    11.650828     6.648121
1   13.081832    11.650828     5.776365
1   18.222882    11.650828     4.904608
1    2.799732    16.846089     7.519877
1    7.940782    16.846089     6.648121
1   13.081832    16.846089     5.776365
1   18.222882    16.846089     4.904608
1    2.777240     1.260306    12.774852
1    7.918290     1.260306    11.903096
1   13.059340     1.260306    11.031340
1   18.200390     1.260306    10.159584
1    2.777240     6.455567    12.774852
1    7.918290     6.455567    11.903096
1   13.059340     6.455567    11.031340
1   18.200390     6.455567    10.159584
1    2.777240    11.650828    12.774852
1    7.918290    11.650828    11.903096
1   13.059340    11.650828    11.031340
1   18.200390    11.650828    10.159584
1    2.777240    16.846089    12.774852
1    7.918290    16.846089    11.903096
1   13.059340    16.846089    11.031340
1   18.200390    16.846089    10.159584
1    2.754747     1.260306    18.029828
1    7.895797     1.260306    17.158071
1   13.036847     1.260306    16.286315
1   18.177897     1.260306    15.414559
1    2.754747     6.455567    18.029828
1    7.895797     6.455567    17.158071
1   13.036847     6.455567    16.286315
1   18.177897     6.455567    15.414559
1    2.754747    11.650828    18.029828
1    7.895797    11.650828    17.158071
1   13.036847    11.650828    16.286315
1   18.177897    11.650828    15.414559
1    2.754747    16.846089    18.029828
1    7.895797    16.846089    17.158071
1   13.036847    16.846089    16.286315
1   18.177897    16.846089    15.414559
1    2.833471     1.337324    -0.362586
1    7.974521     1.337324    -1.234342
1   13.115571     1.337324    -2.106098
1   18.256621     1.337324    -2.977854
1    2.833471     6.532585    -0.362586
1    7.974521     6.532585    -1.234342
1   13.115571     6.532585    -2.106098
1   18.256621     6.532585    -2.977854
1    2.833471    11.727846    -0.362586
1    7.974521    11.727846    -1.234342
1   13.115571    11.727846    -2.106098
1   18.256621    11.727846    -2.977854
1    2.833471    16.923107    -0.362586
1    7.974521    16.923107    -1.234342
1   13.115571    16.923107    -2.106098
1   18.256621    16.923107    -2.977854
1    2.810979     1.337324     4.892390
1    7.952029     1.337324     4.020633
1   13.093079     1.337324     3.148877
1   18.234129     1.337324     2.277121
1    2.810979     6.532585     4.892390
1    7.952029     6.532585     4.020633
1   13.093079     6.532585     3.148877
1   18.234129     6.532585     2.277121
1    2.810979    11.727846     4.892390
1    7.952029    11.727846     4.020633
1   13.093079    11.727846     3.148877
1   18.234129    11.727846     2.277121
1    2.810979    16.923107     4.892390
1    7.952029    16.923107     4.020633
1   13.093079    16.923107     3.148877
1   18.234129    16.923107     2.277121
1    2.788486     1.337324    10.147365
1    7.929536     1.337324     9.275609
1   13.070586     1.337324     8.403852
1   18.211636     1.337324     7.532096
1    2.788486     6.532585    10.147365
1    7.929536     6.532585     9.275609
1   13.070586     6.532585     8.403852
1   18.211636     6.532585     7.532096
1    2.788486    11.727846    10.147365
1    7.929536    11.727846     9.275609
1   13.070586    11.727846     8.403852
1   18.211636    11.727846     7.532096
1    2.788486    16.923107    10.147365
1    7.929536    16.923107     9.275609
1   13.070586    16.923107     8.403852
1   18.211636    16.923107     7.532096
1    2.765994     1.337324    15.402340
1    7.907044     1.337324    14.530584
1   13.048094     1.337324    13.658828
1   18.189144     1.337324    12.787071
1    2.765994     6.532585    15.402340
1    7.907044     6.532585    14.530584
1   13.048094     6.532585    13.658828
1   18.189144     6.532585    12.787071
1    2.765994    11.727846    15.402340
1    7.907044    11.727846    14.530584
1   13.048094    11.727846    13.658828
1   18.189144    11.727846    12.787071
1    2.765994    16.923107    15.402340
1    7.907044    16.923107    14.530584
1   13.048094    16.923107    13.658828
1   18.189144    16.923107    12.787071
1    2.285087     3.857937     4.745805
1    7.426137     3.857937     3.874049
1   12.567187     3.857937     3.002292
1   17.708237     3.857937     2.130536
1    2.285087     9.053198     4.745805
1    7.426137     9.053198     3.874049
1   12.567187     9.053198     3.002292
1   17.708237     9.053198     2.130536
1    2.285087    14.248459     4.745805
1    7.426137    14.248459     3.874049
1   12.567187    14.248459     3.002292
1   17.708237    14.248459     2.130536
1    2.285087    19.443720     4.745805
1    7.426137    19.443720     3.874049
1   12.567187    19.443720     3.002292
1   17.708237    19.443720     2.130536
1    2.262594     3.857937    10.000780
1    7.403644     3.857937     9.129024
1   12.544694     3.857937     8.257268
1   17.685744     3.857937     7.385511
1    2.262594     9.053198    10.000780
1    7.403644     9.053198     9.129024
1   12.544694     9.053198     8.257268
1   17.685744     9.053198     7.385511
1    2.262594    14.248459    10.000780
1    7.403644    14.248459     9.129024
1   12.544694    14.248459     8.257268
1   17.685744    14.248459     7.385511
1    2.262594    19.443720    10.000780
1    7.403644    19.443720     9.129024
1   12.544694    19.443720     8.257268
1   17.685744    19.443720     7.385511
1    2.240102     3.857937    15.255755
1    7.381152     3.857937    14.383999
1   12.522202     3.857937    13.512243
1   17.663252     3.857937    12.640487
1    2.240102     9.053198    15.255755
1    7.381152     9.053198    14.383999
1   12.522202     9.053198    13.512243
1   17.663252     9.053198    12.640487
1    2.240102    14.248459    15.255755
1    7.381152    14.248459    14.383999
1   12.522202    14.248459    13.512243
1   17.663252    14.248459    12.640487
1    2.240102    19.443720    15.255755
1    7.381152    19.443720    14.383999
1   12.522202    19.443720    13.512243
1   17.663252    19.443720    12.640487
1    2.217609     3.857937    20.510731
1    7.358659     3.857937    19.638974
1   12.499709     3.857937    18.767218
1   17.640759     3.857937    17.895462
1    2.217609     9.053198    20.510731
1    7.358659     9.053198    19.638974
1   12.499709     9.053198    18.767218
1   17.640759     9.053198    17.895462
1    2.217609    14.248459    20.510731
1    7.358659    14.248459    19.638974
1   12.499709    14.248459    18.767218
1   17.640759    14.248459    17.895462
1    2.217609    19.443720    20.510731
1    7.358659    19.443720    19.638974
1   12.499709    19.443720    18.767218
1   17.640759    19.443720    17.895462