4
         -20.0791127
        -136.0201787         -136.0201787          -22.7902991            0.0000000            0.0000000            0.0000000
           4.1328727            0.0000000            0.0000000
          -2.0664364            3.5791728            0.0000000
           0.0000000            0.0000000            6.2561605
0           -0.0000000            2.3861152            0.0000000
0            2.0664364            1.1930576            3.1280802
1           -0.0000000            2.3861152            2.3377539
1            2.0664364            1.1930576            5.4658342
