4
         -20.1965225
         212.3462318          212.3462318           39.4645358            0.0000000           -0.0000000            0.0000000
           3.5641288            0.0000000            0.0000000
          -1.7820644            3.0866261            0.0000000
           0.0000000            0.0000000            6.2561605
0           -0.0000000            2.0577507            0.0000000
0            1.7820644            1.0288753            3.1280802
1           -0.0000000            2.0577507            2.3377539
1            1.7820644            1.0288753            5.4658342
