4
         -20.4476298
        -107.2369321         -107.2369321          -17.9680135            0.0000000           -0.0000000            0.0000000
           4.0191240            0.0000000            0.0000000
          -2.0095620            3.4806634            0.0000000
           0.0000000            0.0000000            6.2561605
0           -0.0000000            2.3204423            0.0000000
0            2.0095620            1.1602211            3.1280802
1           -0.0000000            2.3204423            2.3377539
1            2.0095620            1.1602211            5.4658342
