4
         -19.9732483
         262.5501813          262.5501813           49.4668686            0.0000000            0.0000000            0.0000000
           3.5262125            0.0000000            0.0000000
          -1.7631063            3.0537896            0.0000000
           0.0000000            0.0000000            6.2561605
0           -0.0000000            2.0358598            0.0000000
0            1.7631063            1.0179299            3.1280802
1           -0.0000000            2.0358598            2.3377539
1            1.7631063            1.0179299            5.4658342
