4
         -19.9358731
        -142.8693373         -142.8693373          -24.0004302           -0.0000000            0.0000000            0.0000000
           4.1707890            0.0000000            0.0000000
          -2.0853945            3.6120092            0.0000000
           0.0000000            0.0000000            6.2561605
0           -0.0000000            2.4080062            0.0000000
0            2.0853945            1.2040031            3.1280802
1           -0.0000000            2.4080062            2.3377539
1            2.0853945            1.2040031            5.4658342
