4
         -19.0163844
         446.9031195          446.9031195           88.0602360            0.0000000            0.0000000            0.0000000
           3.4124637            0.0000000            0.0000000
          -1.7062319            2.9552803            0.0000000
           0.0000000            0.0000000            6.2561605
0           -0.0000000            1.9701869            0.0000000
0            1.7062319            0.9850934            3.1280802
1           -0.0000000            1.9701869            2.3377539
1            1.7062319            0.9850934            5.4658342
