4
         -20.7419921
         -44.7978589          -44.7978589           -7.7332654            0.0000000            0.0000000            0.0000000
           3.8674589            0.0000000            0.0000000
          -1.9337294            3.3493177            0.0000000
           0.0000000            0.0000000            6.2561605
0           -0.0000000            2.2328784            0.0000000
0            1.9337295            1.1164392            3.1280802
1           -0.0000000            2.2328784            2.3377539
1            1.9337295            1.1164392            5.4658342
