4
         -20.6943435
         -63.4258446          -63.4258446          -10.8426425            0.0000000           -0.0000000            0.0000000
           3.9053752            0.0000000            0.0000000
          -1.9526876            3.3821541            0.0000000
           0.0000000            0.0000000            6.2561605
0           -0.0000000            2.2547694            0.0000000
0            1.9526876            1.1273847            3.1280802
1           -0.0000000            2.2547694            2.3377539
1            1.9526876            1.1273847            5.4658342
