4
         -20.6310306
          89.5025864           89.5025864           16.0123640            0.0000000            0.0000000           -0.0000000
           3.6778776            0.0000000            0.0000000
          -1.8389388            3.1851354            0.0000000
           0.0000000            0.0000000            6.2561605
0           -0.0000000            2.1234236            0.0000000
0            1.8389388            1.0617118            3.1280802
1           -0.0000000            2.1234236            2.3377539
1            1.8389388            1.0617118            5.4658342
