4
         -20.7544577
          26.6918138           26.6918138            4.6802149            0.0000000           -0.0000000            0.0000000
           3.7537101            0.0000000            0.0000000
          -1.8768551            3.2508083            0.0000000
           0.0000000            0.0000000            6.2561605
0           -0.0000000            2.1672056            0.0000000
0            1.8768551            1.0836028            3.1280802
1           -0.0000000            2.1672056            2.3377539
1            1.8768551            1.0836028            5.4658342
