4
         -20.3363113
        -118.3837885         -118.3837885          -19.8051084            0.0000000           -0.0000000            0.0000000
           4.0570402            0.0000000            0.0000000
          -2.0285201            3.5134999            0.0000000
           0.0000000            0.0000000            6.2561605
0           -0.0000000            2.3423333            0.0000000
0            2.0285201            1.1711666            3.1280802
1           -0.0000000            2.3423333            2.3377539
1            2.0285201            1.1711666            5.4658342
