4
         -20.2130696
        -127.9369354         -127.9369354          -21.4025374            0.0000000            0.0000000            0.0000000
           4.0949565            0.0000000            0.0000000
          -2.0474782            3.5463363            0.0000000
           0.0000000            0.0000000            6.2561605
0           -0.0000000            2.3642242            0.0000000
0            2.0474783            1.1821121            3.1280802
1           -0.0000000            2.3642242            2.3377539
1            2.0474783            1.1821121            5.4658342
