4
         -20.5454352
         -94.4819706          -94.4819706          -15.9029672            0.0000000           -0.0000000            0.0000000
           3.9812077            0.0000000            0.0000000
          -1.9906038            3.4478270            0.0000000
           0.0000000            0.0000000            6.2561605
0           -0.0000000            2.2985513            0.0000000
0            1.9906039            1.1492757            3.1280802
1           -0.0000000            2.2985513            2.3377539
1            1.9906039            1.1492757            5.4658342
