4
         -20.3784324
         167.0880383          167.0880383           30.6759046            0.0000000            0.0000000            0.0000000
           3.6020451            0.0000000            0.0000000
          -1.8010225            3.1194625            0.0000000
           0.0000000            0.0000000            6.2561605
0           -0.0000000            2.0796417            0.0000000
0            1.8010225            1.0398208            3.1280802
1           -0.0000000            2.0796417            2.3377539
1            1.8010225            1.0398208            5.4658342
