4
         -20.7692638
         -23.7637602          -23.7637602           -4.1485656            0.0000000           -0.0000000            0.0000000
           3.8295426            0.0000000            0.0000000
          -1.9147713            3.3164812            0.0000000
           0.0000000            0.0000000            6.2561605
0           -0.0000000            2.2109875            0.0000000
0            1.9147713            1.1054937            3.1280802
1           -0.0000000            2.2109875            2.3377539
1            1.9147713            1.1054937            5.4658342
