4
         -19.7047628
         318.0820278          318.0820278           60.7869052            0.0000000            0.0000000           -0.0000000
           3.4882963            0.0000000            0.0000000
          -1.7441481            3.0209532            0.0000000
           0.0000000            0.0000000            6.2561605
0           -0.0000000            2.0139688            0.0000000
0            1.7441481            1.0069844            3.1280802
1           -0.0000000            2.0139688            2.3377539
1            1.7441481            1.0069844            5.4658342
