4
         -19.3871679
         379.3196407          379.3196407           73.5836873            0.0000000            0.0000000            0.0000000
           3.4503800            0.0000000            0.0000000
          -1.7251900            2.9881167            0.0000000
           0.0000000            0.0000000            6.2561605
0           -0.0000000            1.9920778            0.0000000
0            1.7251900            0.9960389            3.1280802
1           -0.0000000            1.9920778            2.3377539
1            1.7251900            0.9960389            5.4658342
