192
          15.6898611            0.0000000            0.0000000
          -7.8449306           13.5878183            0.0000000
           0.0000000            0.0000000           19.3608350
0           -0.0000763            2.2644684            0.0063180           -0.0065121            0.0156959           -0.0377532
0            0.0093360            2.2502937            6.4618705            0.0671293            0.0160648           -0.1041364
0           -0.0070536            2.2640940           12.8775426            0.0820288           -0.2158888            0.1878013
0           -1.9651065            5.6651995           19.3561254            0.0600506           -0.0072312           -0.0159694
0           -1.9584304            5.6678873            6.4611449           -0.0163887            0.0501796           -0.1961994
0           -1.9496544            5.6672077           12.8764898            0.0993027           -0.1574480            0.3182754
0           -3.9118512            9.0398842            0.0279241           -0.0379300            0.1504662           -0.1597350
0           -3.9164735            9.0588955            6.4885364           -0.2009609           -0.0731352           -0.2172150
0           -3.9299329            9.0625908           12.9175967            0.0611667            0.0259481           -0.0404090
0           -5.8770368           12.4656039           19.3595382            0.0011584           -0.1140494            0.1152831
0           -5.8910932           12.4471598            6.4804647            0.0927139            0.0927608           -0.3028711
0           -5.9051362           12.4563788           12.9516271            0.1919585            0.0911992           -0.2480723
0            3.8882279            2.2439305            0.0164317            0.3750187            0.0786007           -0.1484901
0            3.9284789            2.2707769            6.4777023           -0.0003570            0.1333715           -0.2969002
0            3.9207250            2.2639392           12.9063992           -0.0202096           -0.0466387            0.0534124
0            1.9865365            5.6852913           19.3456350           -0.1804319           -0.1937419            0.1057359
0            1.9608363            5.6712276            6.4545734            0.0217154            0.0958098           -0.2528916
0            1.9634529            5.6634092           12.8646040           -0.0898025            0.0467932            0.2883337
0            0.0356861            9.0506134           19.3364732           -0.3120763           -0.1147834            0.2190287
0            0.0174688            9.0665960            6.4966436           -0.1379292           -0.0836087           -0.1455268
0            0.0340381            9.0547402           12.9087660           -0.1766731           -0.0488099            0.0269218
0           -1.9641153           12.4550368            0.0427596            0.0099546            0.0593788           -0.1392023
0           -1.9216983           12.4544932            6.4499412           -0.4292143            0.1224249           -0.0079070
0           -1.9845933           12.4510109           12.8786191            0.1758108            0.0920489            0.2478331
0            7.8778340            2.2730603            0.0207097           -0.2470542            0.0627417           -0.2248848
0            7.8446128            2.2684210            6.4872638           -0.0002241            0.0504666           -0.1164629
0            7.8731493            2.2648700           12.9446066           -0.2217802            0.0308891           -0.2788441
0            5.8823260            5.6613599            0.0371205            0.0388621           -0.1285690           -0.3833057
0            5.8853380            5.6615805            6.4601066           -0.0931696            0.0542626            0.0593232
0            5.8949989            5.6546510           12.9369496           -0.0755769            0.1414898           -0.4410771
0            3.9141733            9.0484126           19.3573508            0.1819611           -0.1393646            0.1180092
0            3.9050491            9.0816174            6.4378186            0.2411790           -0.0894982            0.1579517
0            3.9224291            9.0585239           12.9071825            0.2741347           -0.0123604            0.0541463
0            1.9814261           12.4757391            0.0082874           -0.0761855           -0.2603400           -0.1459258
0            1.9545574           12.4728495            6.4204285            0.0581902            0.0563532            0.2384137
0            1.9657975           12.4501539           12.9150442           -0.1132576            0.0478017           -0.0369631
0           11.7794708            2.2792038            0.0085896           -0.0640028           -0.0318459           -0.0402519
0           11.7691792            2.2625156            6.4485967            0.0915177           -0.0729928            0.1860393
0           11.7806134            2.2649585           12.8750180           -0.1821591            0.0362866            0.1259222
0            9.8081539            5.6604994           19.3584358           -0.0765885            0.0513321           -0.0533475
0            9.8075492            5.6516754            6.4557680           -0.2146978            0.0238389           -0.0742240
0            9.8107803            5.6605181           12.8803178           -0.1030200           -0.0747528            0.2775794
0            7.8454328            9.0607249           19.3488394           -0.0702497           -0.0944698            0.0603353
0            7.8308722            9.0786393            6.4970935            0.1009921           -0.1154913           -0.1548876
0            7.8791997            9.0318374           12.9055709           -0.0697810            0.3580546            0.1250630
0            5.8836687           12.4555431           19.3483217            0.0673054            0.0075919            0.1936359
0            5.8972447           12.4155888            6.4672517           -0.0128719            0.1890131           -0.0880175
0            5.8823735           12.4522975           12.9362809           -0.0308602            0.0148090           -0.2401098
0            1.9616837            1.1326148            3.2257912           -0.0519862            0.0211193            0.0496885
0            1.9617147            1.1311868            9.6809888            0.1377416            0.0498378           -0.2358836
0            1.9623515            1.1358430           16.1175294           -0.0619530           -0.0566815            0.1119635
0            0.0207677            4.5506598            3.1985848           -0.1029815           -0.1501035            0.2774166
0           -0.0211703            4.5050700            9.6960711            0.1121213            0.1684063           -0.1939085
0           -0.0088640            4.5307629           16.1388164            0.0610913            0.0440039           -0.0322227
0           -1.9233106            7.9055142            3.2233269           -0.2881127            0.1513856            0.0317309
0           -1.9523713            7.9434807            9.6902162           -0.0458855           -0.4036764            0.1316310
0           -1.9558331            7.9447997           16.1122617           -0.1734751           -0.1665667            0.1541327
0           -3.9235625           11.3267435            3.2535233            0.1764960           -0.1635731           -0.0760086
0           -3.9191113           11.2971311            9.6618266            0.0011997            0.3552008            0.1514541
0           -3.9229733           11.3224271           16.1222875            0.1826600           -0.1445847            0.2300030
0            5.8804255            1.1422195            3.2311516           -0.1219403           -0.0688803            0.1953256
0            5.8814532            1.1312525            9.6595316            0.1340506            0.0838282            0.0500450
0            5.8571219            1.1616472           16.1264309            0.2035111           -0.2475158           -0.0365795
0            3.9679517            4.5180302            3.2371560           -0.1935514            0.0830880           -0.1443041
0            3.9266073            4.5235103            9.7179533           -0.2239441            0.0549073           -0.3159808
0            3.9346769            4.5488096           16.1743060           -0.0036535           -0.0151263           -0.3019660
0            1.9638615            7.9286064            3.2439838           -0.0299165            0.0170540           -0.1976940
0            1.9643682            7.9271062            9.6762965            0.0245285           -0.0578918           -0.1458760
0            1.9604434            7.9195300           16.1307145           -0.0759572            0.1482155           -0.0958220
0            0.0182100           11.3114252            3.2551114           -0.0488003            0.0216140           -0.0940940
0            0.0187320           11.3380803            9.7041513           -0.1587741            0.0127302           -0.2494895
0            0.0000565           11.3229152           16.1086441           -0.0961053            0.1190360            0.4002020
0            9.7667685            1.1582403            3.2215533           -0.0171161           -0.2486611           -0.1016074
0            9.8069201            1.1408433            9.6836393            0.0441814           -0.1402438           -0.0621626
0            9.8066725            1.1310160           16.1406816           -0.1290841           -0.1177317           -0.0020026
0            7.8383390            4.4992893            3.2231403            0.0216400            0.2891869           -0.0556132
0            7.8638024            4.5029991            9.7178379           -0.1361193            0.3483546           -0.1395914
0            7.8463259            4.5060070           16.1467224           -0.0326178            0.1933300           -0.3424755
0            5.8832224            7.9274063            3.2265612           -0.0078342           -0.0440334            0.0718558
0            5.8608310            7.8952463            9.6577212           -0.0012876            0.1255867            0.1820342
0            5.8662408            7.9330110           16.1230979            0.3162099           -0.2085749            0.0326672
0            3.9245082           11.3316055            3.1839772            0.1961918            0.0097638            0.2591817
0            3.9237163           11.3242907            9.6841355            0.1193539            0.0215532            0.1264590
0            3.9224295           11.3230709           16.1344631            0.0586676           -0.0471256           -0.0370613
0           13.6993110            1.1271046            3.2360958            0.0993656            0.0086826           -0.0663338
0           13.7252532            1.1386028            9.6929203            0.0549528           -0.0372423           -0.0728869
0           13.7357256            1.1566716           16.1355520           -0.0844872           -0.1501575           -0.0334098
0           11.7660621            4.5313552            3.2408024           -0.0132498           -0.0665892            0.1026181
0           11.7366727            4.5171986            9.7160114            0.0820911            0.1904516           -0.1912071
0           11.7679164            4.5242626           16.1572958           -0.0926610           -0.0642256           -0.3655788
0            9.7606719            7.9336070            3.2119786            0.2359345            0.0089277           -0.0550916
0            9.8044390            7.9594878            9.6784638            0.0385143           -0.3071253            0.2304624
0            9.8023976            7.9270149           16.1337712            0.0976892           -0.0752992           -0.0142432
0            7.8651168           11.2987438            3.2460221            0.1514772            0.1620614           -0.3228439
0            7.8375304           11.3212460            9.6646471            0.0724950            0.0711895            0.2271948
0            7.8482623           11.3208688           16.1347828           -0.0008283           -0.0199490           -0.0216046
1           -0.0076406            2.2628524            2.4051293           -0.0575244            0.0061073            0.1534675
1           -0.0005303            2.2636009            8.8658123            0.0314573           -0.1333090            0.0081968
1           -0.0060253            2.2713822           15.3075146            0.1079924           -0.0382012           -0.0794130
1           -1.9634748            5.6641548            2.4098975           -0.0157707           -0.1661572           -0.0116543
1           -1.9639191            5.6264656            8.8327746           -0.1704650            0.3071611            0.5163250
1           -1.9603746            5.6615319           15.3257469           -0.0528680           -0.0050232           -0.1846288
1           -3.9231253            9.0539858            2.4081729            0.0191701           -0.0481046            0.2706801
1           -3.9202062            9.0629429            8.8997158            0.0391357           -0.1896230           -0.2148483
1           -3.9254391            9.0592179           15.3069357           -0.0338750           -0.0063489            0.1631250
1           -5.8415723           12.4541966            2.4330715           -0.3466599            0.0112405           -0.1996072
1           -5.8887893           12.4519612            8.8451773            0.0580707           -0.0207539            0.3137235
1           -5.8507448           12.4377206           15.3303312           -0.3463565            0.2164370            0.0778499
1            3.9223043            2.2650703            2.4114630            0.0014085            0.0033641            0.0299731
1            3.9573551            2.2742913            8.8310766           -0.3447309            0.0166007            0.4604031
1            3.9211388            2.2678271           15.3368114           -0.1352579            0.2203805           -0.2437016
1            1.9743247            5.6590652            2.4128073            0.1923707            0.0820800           -0.0692135
1            1.9395210            5.6709945            8.8259747            0.1459416           -0.1535009            0.4901919
1            1.9655427            5.6688089           15.3322363           -0.0420289           -0.1145997           -0.3056877
1           -0.0077661            9.0603933            2.4139461            0.2168175           -0.0153235           -0.1180481
1           -0.0064270            9.0568755            8.8918344            0.0764503            0.1432310           -0.0350372
1           -0.0317269            9.0862643           15.3294040            0.4348342           -0.2618526           -0.1817203
1           -1.9462620           12.4659135            2.4534056           -0.0059898           -0.0907399           -0.0737935
1           -1.9653354           12.4771821            8.8447934            0.1182715           -0.2671063            0.1945039
1           -1.9669208           12.4496650           15.3401318            0.0515269            0.2103233           -0.3288812
1            7.8106143            2.2701604            2.4101241            0.1204719           -0.0700888           -0.0692012
1            7.8701790            2.2951950            8.8921058           -0.1692558           -0.3510458           -0.1873928
1            7.8486371            2.2636342           15.3153339           -0.0601879           -0.1115976            0.1425353
1            5.8871166            5.6797108            2.3880997            0.1099930           -0.1282393            0.3429718
1            5.8719577            5.6472650            8.8863867            0.1714940           -0.1084816           -0.1601856
1            5.8852812            5.6633171           15.2789485            0.0335027           -0.0755599            0.5468684
1            3.9421645            9.0600154            2.4353086           -0.2166038           -0.0488029           -0.2903765
1            3.9172063            9.0820493            8.8751665            0.0474024           -0.1896758           -0.1902585
1            3.9520603            9.0420205           15.3346715           -0.4259779            0.2150414           -0.2225798
1            1.9734604           12.4439553            2.4122551           -0.1573175            0.2296270            0.0537682
1            1.9837979           12.4425504            8.8953474           -0.1796664            0.2413965           -0.4311360
1            1.9539873           12.4411099           15.3292069            0.0842996            0.1025317           -0.0530311
1           11.7235173            2.2431963            2.4177187            0.2625254            0.2362233           -0.0509531
1           11.7683835            2.2669737            8.8933717           -0.0169537           -0.0511607           -0.2479590
1           11.7418512            2.2246123           15.3117386            0.2190586            0.3565875           -0.1003933
1            9.8048053            5.6631660            2.4121467           -0.0687864           -0.0939321           -0.0403124
1            9.7814386            5.6673517            8.8587827            0.1388319            0.1031204            0.1465094
1            9.7914952            5.6647212           15.3076376            0.1291344           -0.1131338            0.0245345
1            7.8154854            9.0632710            2.4236404            0.1187184           -0.0241510           -0.3255107
1            7.8429038            9.0499559            8.9133553           -0.1469532            0.0779412           -0.2820541
1            7.8566693            9.0456970           15.3324322           -0.1410088            0.1299643           -0.1239126
1            5.9274368           12.4421257            2.4296667           -0.1991081            0.1132172           -0.2245452
1            5.8874358           12.4548624            8.8764629           -0.0396282            0.0480029           -0.0593409
1            5.8841330           12.4554411           15.3020860            0.0435291            0.0779182            0.3651886
1            1.9981166            1.1359026            5.6404879           -0.2504701           -0.0694456            0.0146442
1            1.9600903            1.1360892           12.0605466            0.0454515           -0.0978556            0.3234071
1            1.9622050            1.1330864           18.5530169           -0.1651018           -0.0428780           -0.1989190
1           -0.0009616            4.5290146            5.6683795            0.0248533           -0.0166114           -0.4065724
1            0.0003908            4.4892247           12.0858554            0.0153803            0.4134920            0.0247803
1           -0.0017901            4.5250799           18.5397477            0.0949980            0.0712889            0.1304212
1           -1.9653854            7.9406347            5.6338624            0.1348375           -0.0493222            0.1322412
1           -1.9682287            7.9062669           12.1332343            0.1863983            0.3104914           -0.3273793
1           -1.9663034            7.9202086           18.5395673            0.1400066            0.0679792           -0.0408591
1           -3.9237228           11.3214773            5.6455910            0.0782355            0.0029400            0.1881220
1           -3.9217875           11.3230342           12.0961362           -0.2447337           -0.0263061           -0.1548601
1           -3.9233782           11.3247969           18.5522665            0.0560513           -0.0870682           -0.0198510
1            5.8758601            1.1413858            5.6656006            0.1588019           -0.0241381           -0.1953208
1            5.8775251            1.1409631           12.0672667            0.1507134            0.0170725            0.1849740
1            5.9063657            1.1373102           18.5145823           -0.1290246            0.0138369            0.4141691
1            3.9245587            4.5380999            5.6185286           -0.0208787           -0.0237056            0.2158045
1            3.9137513            4.5289125           12.0909404            0.1702806            0.0147554            0.1581287
1            3.9246201            4.5307556           18.5426232            0.0741361           -0.1226827            0.2580404
1            1.9741029            7.9690826            5.6278875           -0.2094000           -0.3116474            0.1824275
1            1.9865314            7.9400344           12.0666872           -0.1182076           -0.1631198            0.1820470
1            1.9577916            7.9234445           18.5353006            0.1580971            0.0213119           -0.0218552
1           -0.0201614           11.3294407            5.6595943            0.3610407           -0.1534904           -0.0963049
1           -0.0043637           11.3074142           12.0751936            0.0102539            0.1411445            0.3180839
1           -0.0099287           11.2880524           18.5787267            0.1712638            0.4329907           -0.2943585
1            9.8127233            1.1674721            5.6035855           -0.1551671           -0.1840601            0.3365715
1            9.7869275            1.1331799           12.0736209            0.2038435           -0.0564491            0.2216443
1            9.8054518            1.1389274           18.5439285            0.1558243           -0.0222877            0.0462530
1            7.8135655            4.5268432            5.6154139            0.2286186           -0.0408354            0.2041529
1            7.8483741            4.5360139           12.0908360           -0.0265498           -0.1427701            0.1963124
1            7.8385759            4.5352671           18.5011341            0.0306629           -0.0458589            0.5407736
1            5.8825829            7.9258346            5.6255562           -0.0302193            0.0832646            0.2535028
1            5.9302279            7.9407122           12.0889235           -0.3764026           -0.1600100           -0.0321217
1            5.8891649            7.8847656           18.5232093           -0.0604606            0.2825709            0.1648232
1            3.9234584           11.3237480            5.6394470           -0.0252058            0.1684686           -0.2019185
1            3.9178656           11.3280829           12.1012878            0.0914908           -0.0255906           -0.0141114
1            3.9561221           11.2935424           18.5406929           -0.2796488            0.2117854            0.0515830
1           13.7333136            1.1286274            5.6397607           -0.0070162           -0.1308933            0.1173136
1           13.7283828            1.1327686           12.0902263           -0.0092870           -0.1164572            0.0284253
1           13.7267161            1.1315220           18.5458443            0.0131429            0.0211153           -0.0018267
1           11.7569682            4.5183665            5.6825596            0.1299915            0.1032260           -0.3556521
1           11.7715983            4.5614827           12.1112526            0.0141288           -0.3086406           -0.0781234
1           11.7701151            4.5361194           18.5281725           -0.0367470           -0.0652153            0.2774672
1            9.7819401            7.9037654            5.6068883            0.1235000            0.2449170            0.3895662
1            9.8175375            7.9074055           12.1273916            0.0916434            0.1713354           -0.4220082
1            9.8111432            7.9376087           18.5344599            0.0085356           -0.0933642            0.1367051
1            7.8631642           11.3272692            5.5965185           -0.0657241           -0.0846074            0.5727357
1            7.8501534           11.3568260           12.1070126           -0.0533371           -0.3530080           -0.1403906
1            7.8428448           11.3212555           18.5502760            0.0799376            0.0737391           -0.0381133
