192
          15.6898611            0.0000000            0.0000000
          -7.8449306           13.5878183            0.0000000
           0.0000000            0.0000000           19.3608350
0           -0.0150058            2.2904083            0.0139427            0.1652678           -0.3204524           -0.1239361
0            0.0150123            2.2644424            6.4724392           -0.1265788           -0.0880326           -0.0691104
0           -0.0082141            2.2382458           12.9396115            0.1630104            0.1281636            0.0417378
0           -1.9621832            5.6734567           19.3490231           -0.1011999           -0.1821441           -0.0619331
0           -1.9615172            5.6616772            6.4552443           -0.0634376            0.0079880            0.0046154
0           -1.9622588            5.6628093           12.9071333            0.1952963           -0.0618195           -0.0259797
0           -3.9341239            9.0477725           19.3553204            0.0720461            0.1453469           -0.1794639
0           -3.9118838            9.0570262            6.4427273           -0.2398340           -0.0460983            0.1227887
0           -3.9153920            9.0317576           12.9271170           -0.2323161            0.2271516           -0.1603742
0           -5.8805763           12.4241745           19.3484374           -0.2063305            0.2985804            0.2228544
0           -5.8886626           12.4543012            6.4301705           -0.1041993           -0.0234854            0.1944987
0           -5.9184815           12.4415775           12.9381720            0.2678062           -0.0167392           -0.1951503
0            3.9237620            2.2699947           19.3547297           -0.0733180           -0.0533300            0.0898141
0            3.9148225            2.2639405            6.4658705            0.0321702           -0.0110259            0.1073248
0            3.9430865            2.2756419           12.9042976           -0.0645580           -0.1589283            0.1375194
0            1.9702045            5.6586253            0.0182929            0.0273030           -0.0557093           -0.1607455
0            1.9620498            5.6152817            6.4598646           -0.0141666            0.3074847           -0.0821851
0            1.9532927            5.6731488           12.9189886           -0.0739772           -0.0289614           -0.1871793
0            0.0151741            9.0414152           19.3173585           -0.3427701            0.1212055            0.1833533
0            0.0052348            9.0546415            6.4965750            0.0400415            0.0284571           -0.1538054
0           -0.0215413            9.0448491           12.9053264            0.1349490            0.0243901           -0.0047654
0           -1.9315535           12.4557305           19.3520432           -0.3484100            0.2142178            0.0866816
0           -1.9667523           12.4605739            6.4721254            0.1115125            0.0104265           -0.2113653
0           -1.9570162           12.4589958           12.8816591           -0.1178826           -0.0044179            0.0708873
0            7.8246427            2.2791001            0.0002920           -0.0796070           -0.1990983           -0.1217819
0            7.8455960            2.2687344            6.4503439            0.0073621            0.0653613            0.1418411
0            7.8536217            2.2843924           12.9054944            0.0355604           -0.0675637            0.0689023
0            5.8687424            5.6392956           19.3458512            0.3619288            0.2701564            0.1471377
0            5.8784206            5.6632309            6.4177201            0.0211265            0.0321603            0.3265919
0            5.8837612            5.6440928           12.9519208           -0.0324586           -0.0893908           -0.3749485
0            3.9085634            9.0126368           19.3598355            0.1541973            0.2322600           -0.0423648
0            3.9090241            9.0693334            6.4826722            0.0707993           -0.0765001           -0.1833816
0            3.9324085            9.0661665           12.9077912           -0.0387623           -0.1356477           -0.0170390
0            1.9611266           12.4556367            0.0008546           -0.0564905           -0.0528713           -0.2200364
0            1.9753514           12.4579359            6.4602039           -0.0268241           -0.0135853           -0.0683580
0            1.9604897           12.4557740           12.9291489           -0.0135697           -0.2519593           -0.1849781
0           11.7687161            2.2677760           19.3562393           -0.1783082           -0.0597014            0.1135910
0           11.7624131            2.2521329            6.4512248            0.0369358            0.0969342            0.1129671
0           11.7495821            2.2707841           12.9142285            0.1033184           -0.0427331           -0.1434521
0            9.8328002            5.6556256           19.3580187           -0.3306457            0.0874779           -0.0067061
0            9.8086598            5.6922896            6.4816511           -0.0650235           -0.0950322           -0.2518834
0            9.7853721            5.6394169           12.8899659            0.3696619            0.2292037            0.2027938
0            7.8572320            9.0633106            0.0251284           -0.1028999           -0.0174484           -0.0804095
0            7.8424425            9.0603381            6.4176701           -0.1630278            0.1006336            0.1926721
0            7.8438218            9.0564518           12.9029495           -0.2113652            0.0307667            0.1940893
0            5.8842193           12.4377353           19.3599513            0.0212013            0.0187178            0.0138570
0            5.8741216           12.4508647            6.4698939            0.0125272            0.0851600            0.0927465
0            5.8809309           12.4460527           12.9221670           -0.1457782           -0.0124248           -0.1645558
0            1.9919054            1.1616867            3.2292328           -0.0729030           -0.2974706            0.0087273
0            1.9762500            1.1409116            9.6985923           -0.1068415           -0.1767591            0.1945469
0            1.9622446            1.1297397           16.1095601            0.0055879            0.0837778            0.3026139
0            0.0019294            4.5199054            3.2036089           -0.0270802            0.0132023            0.2253177
0            0.0027680            4.5206030            9.6468009           -0.0849620           -0.0582479            0.1386117
0            0.0007086            4.5288829           16.1330322            0.0207597            0.0897443            0.0885803
0           -1.9522103            7.9066868            3.2480327           -0.0576283            0.2270086           -0.1439574
0           -1.9580602            7.9378715            9.7045984           -0.1253465           -0.0975210           -0.1207501
0           -1.9302984            7.9537695           16.1245709           -0.3168315           -0.1385681            0.1505354
0           -3.9254819           11.3235827            3.2219818            0.0207171           -0.0696358            0.0649728
0           -3.9232658           11.3212039            9.6802401            0.0477663            0.1519698           -0.0983400
0           -3.9175132           11.3440495           16.1485290           -0.1976345           -0.0591297            0.0204321
0            5.8855929            1.1335794            3.2236681           -0.0072844            0.0036511           -0.0032276
0            5.8843578            1.1476777            9.6540070           -0.0062853            0.0053542            0.2661085
0            5.8692213            1.1149499           16.1229082            0.0597125            0.0960919            0.0115243
0            3.9227945            4.5291716            3.2317770            0.1065267           -0.0605357           -0.0204045
0            3.9031757            4.5432466            9.7238704            0.1473708           -0.0326399           -0.3061147
0            3.9194332            4.5410739           16.1037605            0.2132340           -0.2043850            0.4564167
0            1.9596906            7.9262418            3.2316025           -0.0280900           -0.0340731           -0.1252850
0            1.9332498            7.8964519            9.6937453            0.2133317            0.1267674           -0.1890666
0            1.9609534            7.9344602           16.1322678            0.0378230           -0.1135158            0.1002496
0           -0.0007332           11.3236348            3.2230843           -0.0784762           -0.1701170            0.0994357
0            0.0052816           11.3277392            9.6693822           -0.0305845            0.0629144            0.0575700
0           -0.0029580           11.3162297           16.1032397           -0.0176320            0.1639566            0.2770889
0            9.8098746            1.1067048            3.2444845           -0.2421821            0.1428605           -0.1768720
0            9.8088875            1.0947022            9.7022991            0.0669033            0.2372679            0.0373194
0            9.8149529            1.1550582           16.1426260           -0.2185105           -0.1441358           -0.1454903
0            7.8824770            4.5456187            3.2495076           -0.1768586           -0.0218167           -0.2346266
0            7.8549183            4.5705817            9.6557628           -0.0728631           -0.3182199            0.2264134
0            7.8341082            4.5133464           16.0989383            0.1272173            0.0267377            0.1842569
0            5.8839218            7.9271128            3.2298862            0.0201571           -0.0760684           -0.0158315
0            5.8966326            7.9218901            9.6641728           -0.1801370            0.1215277            0.1097281
0            5.8668645            7.9234812           16.1017305            0.1440627            0.0319162            0.1289960
0            3.9221677           11.3652543            3.2003085           -0.0014056           -0.3363788            0.1000566
0            3.9188853           11.3245619            9.6833233           -0.0284639            0.1303713           -0.1341402
0            3.9134302           11.3256155           16.0994961            0.0795705           -0.0032597            0.2167943
0           13.7287325            1.1288056            3.2265095            0.1554114            0.1136950            0.1425812
0           13.7341698            1.1401830            9.7104128           -0.0262449           -0.0377525            0.0112738
0           13.6956769            1.1199345           16.1450800            0.1386141            0.0181986           -0.0527642
0           11.7673933            4.5292759            3.2114359            0.0449220            0.0864089            0.2798373
0           11.7530670            4.5439212            9.7214785            0.0954503           -0.1508527           -0.3891785
0           11.7681265            4.5303550           16.1336602            0.1224079           -0.2007743           -0.1220745
0            9.8199661            7.9143814            3.2193200           -0.0630277            0.2410639            0.0552261
0            9.8048827            7.9234421            9.6789658           -0.0988848            0.0321652            0.0626114
0            9.8116838            7.9320741           16.1261598           -0.0725961           -0.2230152            0.0441100
0            7.8307929           11.3441037            3.1975048            0.1023929           -0.1863590            0.2722727
0            7.8703281           11.3252099            9.6916200           -0.1751333           -0.1400854           -0.0056728
0            7.8439009           11.3199936           16.1341917           -0.1238770            0.0651658           -0.0006586
1            0.0270899            2.2509701            2.4125540           -0.2436257            0.0237568            0.0766043
1            0.0123289            2.2377105            8.8646692           -0.0504126            0.1123664            0.1371736
1           -0.0070789            2.2622977           15.3548389           -0.1269094           -0.0018429           -0.0800009
1           -1.9581930            5.6687248            2.3817420           -0.0193239           -0.1382283            0.2580892
1           -1.9668833            5.6614186            8.8484518           -0.0258778            0.0817147            0.2784151
1           -1.9678495            5.6786498           15.3110482            0.1280593           -0.0750334            0.1024910
1           -3.9392494            9.0558689            2.3689292            0.2612368           -0.0102593            0.4683543
1           -3.9382077            9.0692293            8.8813358            0.1633872           -0.1511327           -0.1784889
1           -3.9365552            9.0566038           15.3152090            0.1920667            0.1543338            0.1684343
1           -5.8944186           12.4403377            2.4230197            0.1084028            0.2661028           -0.1005645
1           -5.8926732           12.4531576            8.8742921            0.1634335            0.1299654           -0.1685210
1           -5.9250209           12.4703964           15.3197360            0.3582317           -0.1782232            0.1259336
1            3.9240855            2.2623781            2.4066914            0.1435493            0.0757614            0.0001861
1            3.9085025            2.2748295            8.9058385            0.1261555            0.0677275           -0.2985939
1            3.9220576            2.2733335           15.3373890            0.0086240           -0.0330813           -0.2094127
1            1.9759786            5.6304571            2.3937804           -0.1189620            0.2691895            0.3232695
1            1.9670559            5.6495744            8.8605506           -0.0396398            0.0661908            0.0137466
1            2.0078529            5.6437694           15.3165000           -0.5455513            0.3025372            0.0581975
1           -0.0012027            9.0592111            2.3633638           -0.0201193           -0.0653711            0.3216942
1            0.0001446            9.0629682            8.8958589           -0.0553639           -0.0421538           -0.0936845
1           -0.0039693            9.0676494           15.3240372            0.2066583           -0.0911065           -0.1612810
1           -1.9547104           12.4558630            2.4078170           -0.0658789            0.0215376            0.0374690
1           -1.9449983           12.4779421            8.8524653           -0.1636858           -0.1631301            0.2120512
1           -1.9671742           12.4538960           15.3123839            0.0095663           -0.0565490           -0.1201606
1            7.8176282            2.2934749            2.3841252            0.3361860           -0.1886539            0.3047775
1            7.8578286            2.2562075            8.8965797            0.0453759            0.2314990           -0.2363847
1            7.8342554            2.2605193           15.3147474            0.0114703           -0.1296110           -0.0274176
1            5.8894315            5.6576988            2.4281532            0.0794575           -0.0013545           -0.1643249
1            5.8850329            5.6592191            8.8967493           -0.2011695           -0.0370847           -0.4134100
1            5.8809889            5.6556631           15.3218320            0.0536912            0.0435268            0.1056944
1            3.9392898            9.0386078            2.3974950           -0.1587388            0.2807132            0.1464055
1            3.9027018            9.0910452            8.8669925            0.0326128           -0.4156409            0.1393835
1            3.9268838            9.0587097           15.3135680           -0.1620583            0.0127582           -0.0429855
1            1.9428084           12.4408100            2.3943442            0.0928280            0.1523625            0.0725742
1            1.9536497           12.4660697            8.8577886            0.0954782           -0.1957970            0.0569311
1            1.9613589           12.4554805           15.3190758           -0.0950758            0.0802229            0.0759356
1           11.7699895            2.2580969            2.4561711           -0.0901256            0.0201236           -0.4222793
1           11.7696022            2.2522359            8.8747185           -0.0667190            0.1252009            0.0721690
1           11.7505954            2.2312582           15.3045973            0.1660965            0.3711744            0.1107815
1            9.8153308            5.6887888            2.4137668            0.0436798           -0.2764620           -0.1358326
1            9.7978006            5.6606999            8.8552562            0.2087870            0.1040078            0.1942721
1            9.8271404            5.6231490           15.3206616           -0.2345340            0.3418204           -0.1277717
1            7.8434181            9.0599061            2.4279618            0.0315492            0.0149990           -0.0477976
1            7.8396828            9.0458036            8.8439442            0.0781047            0.1653022            0.0524525
1            7.8454121            9.0722007           15.3525861           -0.0272624           -0.1950724           -0.3556233
1            5.8960509           12.4692464            2.4240348           -0.1644466           -0.0020742           -0.2526084
1            5.8842907           12.4555416            8.8997640            0.0568371            0.0166681           -0.1406652
1            5.8801477           12.4540680           15.3073706            0.0050470           -0.0440363            0.1571738
1            1.9576805            1.1327436            5.6409634            0.0659727            0.0210821           -0.0230766
1            1.9695354            1.1198615           12.1376619           -0.0115613            0.0365786           -0.2019797
1            1.9856031            1.1235123           18.5587591           -0.3525794            0.0502836           -0.1297820
1           -0.0128114            4.5216547            5.6768452            0.0546690            0.0065888           -0.4647485
1           -0.0026527            4.4986440           12.0829831            0.0262188            0.1589716            0.0245417
1           -0.0003979            4.5284810           18.5773250            0.0326407            0.1345948           -0.3296896
1           -1.9614522            7.9259553            5.6598834            0.0830735            0.0193039           -0.1370429
1           -1.9752992            7.9267525           12.1091008            0.0699936           -0.1299505           -0.0910266
1           -1.9687760            7.9075105           18.5538140            0.0048003            0.2375979           -0.2481541
1           -3.9278702           11.3253682            5.6605169            0.0955690           -0.0261949           -0.2349945
1           -3.9230362           11.3205459           12.0684673           -0.1240564           -0.0404946            0.3316848
1           -3.9440345           11.3495607           18.5762392            0.3954731           -0.3266414           -0.2690620
1            5.8836268            1.1434799            5.6357042           -0.0326549           -0.0615660            0.0486435
1            5.9083292            1.1463394           12.1110756           -0.1131591           -0.0544966           -0.2681100
1            5.8500177            1.1451537           18.5230467            0.2853297           -0.1645131            0.1326004
1            3.9225536            4.5284997            5.6403293           -0.0106803           -0.1068242           -0.0054842
1            3.8970362            4.5087307           12.0756043            0.2066646            0.2686439            0.4475922
1            3.9442886            4.5254680           18.5788593           -0.3430476            0.0466691           -0.4847825
1            1.9607563            7.9262000            5.6359772           -0.0428197           -0.1750774            0.1223015
1            1.9645255            7.9435557           12.0704434           -0.0870965           -0.1466853            0.3359415
1            1.9367298            7.9274025           18.5735341            0.2625158           -0.2475087           -0.4361739
1            0.0159282           11.3216186            5.6493071           -0.1454751           -0.0193303           -0.0557999
1           -0.0227056           11.3012866           12.0817957            0.2489675            0.1375983            0.0632455
1           -0.0426242           11.3108215           18.5577061            0.4779078           -0.0002630           -0.3591162
1            9.8087238            1.1309652            5.6393576           -0.0955292           -0.0005730            0.0396798
1            9.8005524            1.1137080           12.1184440            0.0542627            0.0825313           -0.1471351
1            9.7672894            1.1306019           18.5140077            0.2308309            0.0097928            0.3961583
1            7.8418484            4.5477171            5.6221886            0.1593498           -0.1274275            0.3212224
1            7.8830394            4.5332773           12.1045441           -0.5143387           -0.0606358           -0.2826753
1            7.8540526            4.4963769           18.5260654           -0.0140890            0.4391878            0.0025312
1            5.8849388            7.9246466            5.6349220           -0.2013890            0.0987389            0.0677402
1            5.8665582            7.9003763           12.1029849            0.1442630            0.0562051           -0.0935197
1            5.8887896            7.9439027           18.5125165            0.0323398           -0.2388887            0.1854106
1            3.9240504           11.3229316            5.6360752           -0.0057128            0.0096270           -0.1256181
1            3.9219976           11.2876844           12.0603669           -0.0522315            0.3727693            0.3503877
1            3.9266466           11.3148208           18.5373511           -0.1196128           -0.1077436           -0.0289546
1           13.7250509            1.1405740            5.6505731            0.1137791           -0.0854773           -0.0499878
1           13.7414342            1.1315041           12.1312519           -0.2415428           -0.0463346           -0.1667169
1           13.7176537            1.1219835           18.5436854            0.0655769            0.0475367            0.1277279
1           11.7618015            4.5370663            5.6793416           -0.0520951           -0.0237844           -0.3741702
1           11.7901010            4.5375915           12.0829962           -0.2278051           -0.0660287            0.2710623
1           11.7438780            4.5370845           18.5204268            0.3479260           -0.1654251            0.2054520
1            9.7632023            7.9353919            5.6293827            0.4932760           -0.0205927           -0.0196804
1            9.7733153            7.9291688           12.1015290            0.3028144           -0.1189686           -0.0670364
1            9.8071161            7.9332949           18.5451496           -0.0818585           -0.1421012           -0.0644515
1            7.8274665           11.3248642            5.6400104            0.0454037            0.0671572           -0.1349904
1            7.8344574           11.3276716           12.1086778           -0.0229296           -0.1433473           -0.1206208
1            7.8528724           11.3205268           18.5254449           -0.1209035           -0.0118927            0.2046753
