192
          15.6898611            0.0000000            0.0000000
          -7.8449306           13.5878183            0.0000000
           0.0000000            0.0000000           19.3608350
0           -0.0010601            2.2667423            0.0080080           -0.0538238           -0.0260197           -0.2626306
0           -0.0071992            2.2545535            6.4555862            0.0859701            0.1341979           -0.2653566
0            0.0031544            2.2709190           12.8823426           -0.1394370            0.0378436            0.3787891
0           -1.9243157            5.6717808            0.0095683           -0.2461201            0.0442905            0.0332042
0           -1.9719063            5.6800510            6.4353429            0.2024377           -0.0992802            0.1433153
0           -1.9740557            5.6648268           12.9189940           -0.0154893           -0.1448504            0.0330910
0           -3.9262885            9.0571765            0.0003797            0.1030622           -0.0285843           -0.0024928
0           -3.9317726            9.0532336            6.4474502           -0.0159005           -0.0061126           -0.0640832
0           -3.8919213            9.0880719           12.9079488           -0.3104395           -0.1639625            0.1413460
0           -5.9089631           12.4231136            0.0050563            0.1245335            0.1434405           -0.1073010
0           -5.8720300           12.4506310            6.4730226           -0.1071457            0.0286680           -0.1781360
0           -5.9140361           12.4651133           12.9247858            0.1854489           -0.0525449           -0.1805705
0            3.9478795            2.2429217            0.0358979           -0.2162605            0.2345359           -0.2246894
0            3.9204611            2.2608885            6.4576603           -0.0194818            0.0211940           -0.1235097
0            3.8967232            2.2674679           12.8782996           -0.0392535           -0.0111593            0.2282063
0            1.9630513            5.6595780            0.0089219            0.0181986           -0.1985864           -0.2239238
0            1.9727845            5.6713429            6.4235229           -0.0924642           -0.0825462            0.1081779
0            1.9493128            5.6483247           12.8660251            0.0462975            0.1198359            0.2747715
0            0.0003544            9.0544372            0.0090984           -0.0979983            0.0709402           -0.0867552
0           -0.0016146            9.0620644            6.4736591            0.0084540           -0.0051675           -0.0820533
0           -0.0134914            9.0710585           12.8765271            0.0159898           -0.3005612            0.1199199
0           -1.9645373           12.4494300           19.3510965            0.0376381            0.0436606            0.0426378
0           -1.9834121           12.4820342            6.4521378            0.0959077           -0.1569271           -0.0635209
0           -1.9621207           12.4550092           12.8635492            0.0221025           -0.0071555            0.3167252
0            7.8499364            2.2660013            0.0353870           -0.1655624           -0.0345489           -0.1789709
0            7.8434669            2.2800760            6.4291290           -0.0368771           -0.1776101            0.2627906
0            7.8161199            2.2653355           12.9284994            0.1715720           -0.0331506           -0.3448023
0            5.8837281            5.6612888           19.3599171            0.0523403            0.0485768           -0.1839947
0            5.8616750            5.6605960            6.4480210            0.0073669            0.1021764           -0.0702798
0            5.8675596            5.6535567           12.9177090           -0.0408349           -0.1376244           -0.0697375
0            3.9633552            9.0727348            0.0002259           -0.2246151           -0.0769172           -0.0435323
0            3.9112477            9.0552295            6.4258927            0.1023292            0.0259939            0.0357787
0            3.9220454            9.0565695           12.9093780            0.0598395            0.0438146           -0.1500104
0            1.9536545           12.4384412            0.0311320           -0.1466253            0.1113875           -0.4345316
0            1.9611387           12.4550537            6.4604403            0.0765739           -0.0428125           -0.0049915
0            1.9649631           12.4623242           12.8990283           -0.0056832            0.0602033            0.1355853
0           11.7475701            2.2753917           19.3419322           -0.0268497           -0.2190406           -0.0042902
0           11.7847280            2.2720217            6.4207131           -0.2149995            0.0846415            0.2502535
0           11.7624065            2.2612771           12.9379504            0.0081161            0.0862111           -0.2361612
0            9.7800652            5.6728743           19.3592257            0.0439495           -0.1365109           -0.0548714
0            9.8010380            5.6641625            6.4677446            0.0686353            0.1624213           -0.1257060
0            9.8257181            5.6658792           12.9315326           -0.0957110            0.0202644           -0.1297167
0            7.8527901            9.0530715            0.0138504            0.0352212            0.1045559           -0.0677648
0            7.8443059            9.0577336            6.4625220           -0.2021252           -0.0272714            0.0540252
0            7.8478845            9.0587194           12.9049527           -0.0002570            0.0342734           -0.1535705
0            5.8828395           12.4561088            0.0066293            0.1729122           -0.1067252           -0.0779345
0            5.8728959           12.4969849            6.4789958            0.0614889           -0.3586787           -0.1989282
0            5.8864895           12.4548723           12.8968125            0.0164879           -0.0494278            0.1661785
0            1.9584362            1.1148040            3.1917283           -0.0603452           -0.0972230            0.1481855
0            1.9657998            1.1350793            9.7115799           -0.0465689            0.0673870           -0.2986939
0            1.9598309            1.1064362           16.1533682            0.1062455            0.1634127            0.0719759
0           -0.0134249            4.5021300            3.2219022            0.1885450            0.1262099           -0.0745575
0           -0.0007588            4.5264958            9.6726408            0.0054991           -0.0328110           -0.1063071
0            0.0420406            4.5287056           16.1483059           -0.1979254            0.0052189           -0.0647359
0           -1.9374158            7.9269980            3.2604572           -0.1136948           -0.0503703           -0.2528804
0           -1.9510822            7.9224988            9.7156035           -0.0238479            0.1116592           -0.2601374
0           -1.9523724            7.9200374           16.1232443            0.0974669           -0.0700209            0.0243105
0           -3.9160046           11.3194803            3.2276723            0.0804262            0.0245824            0.0042814
0           -3.9200668           11.3680520            9.6588239           -0.1326958           -0.4651007            0.1376116
0           -3.9253553           11.2986964           16.1608107            0.1044444            0.1565304           -0.2023130
0            5.8443481            1.1329394            3.2303956            0.2060466           -0.0108611            0.0502671
0            5.8810218            1.1201111            9.7176191           -0.0224502            0.0480283           -0.2023797
0            5.8520106            1.1662842           16.1413515            0.2719077           -0.2147891           -0.2453301
0            3.9162701            4.5228856            3.2269606            0.1575264            0.1080488           -0.1160949
0            3.9149352            4.5117715            9.6751535            0.0428170            0.1168597           -0.1260966
0            3.9448949            4.5361081           16.1707949           -0.1388174           -0.0414718           -0.4079351
0            1.9605938            7.9280623            3.2268392            0.0911903           -0.1197818           -0.0680462
0            1.9625187            7.9246648            9.6805846            0.0369041           -0.0844415           -0.0014015
0            1.9609878            7.9546237           16.1137703           -0.0867477           -0.1884817            0.2098194
0            0.0168664           11.3108223            3.2215233           -0.1306741            0.0857836            0.2082535
0           -0.0081760           11.3375283            9.6955886            0.1011620           -0.0572961           -0.1948639
0            0.0003317           11.3237250           16.0907140            0.0038961           -0.0771404            0.2854021
0            9.8100948            1.1333064            3.2197804            0.0591642           -0.1961970            0.1322630
0            9.8046625            1.1293007            9.6811104            0.0504460           -0.0148920           -0.2030588
0            9.8162338            1.1445882           16.1100991            0.0052776           -0.0490878            0.1584207
0            7.8655001            4.5187858            3.2427670           -0.2443099            0.1063808            0.0611159
0            7.8816161            4.5166790            9.6598778           -0.2659231           -0.0239582            0.2154388
0            7.8448455            4.5279081           16.1327772           -0.1919263           -0.1057383           -0.2648811
0            5.9287022            7.9153530            3.2248932           -0.3243610            0.0735363           -0.0396730
0            5.8822962            7.8947616            9.7169006           -0.1089500            0.0249168           -0.1657583
0            5.8825478            7.9300352           16.1316847            0.0049607            0.1923968           -0.1258260
0            3.9259651           11.3168337            3.2010490           -0.0002769            0.1042194            0.1366174
0            3.9408098           11.3358887            9.6553607           -0.0457660           -0.3284294            0.1321446
0            3.9463271           11.3039872           16.1305894           -0.2526570            0.0560403            0.1127547
0           13.7046440            1.1218641            3.2274140            0.1998989           -0.0046738           -0.0134878
0           13.7287674            1.1362581            9.6683818            0.1190930           -0.0011242            0.0771073
0           13.7269301            1.1334249           16.1636780           -0.0245534           -0.0063428           -0.1991631
0           11.7349138            4.5148661            3.2400963            0.2062377            0.1238464           -0.1826010
0           11.7796582            4.5091546            9.6668504            0.0138145            0.1580772           -0.1485225
0           11.7702384            4.5329087           16.1433894            0.0833957           -0.0096593            0.1891742
0            9.8047691            7.9259156            3.2267714            0.0085927            0.0565237           -0.1364908
0            9.8043335            7.9087985            9.6681456            0.0822470            0.1378219            0.0009751
0            9.8010632            7.9267454           16.1448560            0.0030411           -0.0507116           -0.1783257
0            7.8273713           11.2975338            3.2609290            0.2453048            0.0386103           -0.1706911
0            7.8458251           11.2974987            9.6562830            0.0037869            0.1748693            0.0628255
0            7.8275610           11.3383267           16.0952301            0.2325089           -0.1506372            0.0840024
1            0.0008885            2.2633099            2.3760395           -0.1173280           -0.1867891            0.3840227
1            0.0008173            2.2622943            8.8177136            0.0487998           -0.0276976            0.4960592
1            0.0002518            2.2586196           15.3668426            0.0366450           -0.0080238           -0.4668498
1           -1.9507883            5.6528315            2.4239810           -0.2004619            0.0708449           -0.0253967
1           -1.9532230            5.6809950            8.8682665           -0.0551493           -0.1416643           -0.1588975
1           -1.9579542            5.6548428           15.3363518            0.0951621           -0.0817262           -0.1210646
1           -3.9195159            9.0606024            2.4150361            0.1000705           -0.1294696           -0.0066565
1           -3.9136582            9.0412347            8.8394345           -0.0414275            0.1950539            0.2578770
1           -3.8915537            9.0486955           15.3478007           -0.3369252           -0.0159142           -0.3008769
1           -5.8734093           12.4150113            2.3945841           -0.2037925            0.1252195            0.2077652
1           -5.8866997           12.4579309            8.8647389           -0.0948668            0.0767082            0.0713386
1           -5.8793510           12.4550817           15.3047714            0.0571358           -0.1001029            0.1765277
1            3.9224326            2.2648119            2.4146127           -0.0733981            0.0498648            0.0688695
1            3.9251845            2.2675520            8.8445636           -0.0027468           -0.1864488            0.2138381
1            3.9262824            2.2717051           15.2973767           -0.2365378            0.0744352            0.0343460
1            1.9832153            5.6403497            2.3817440           -0.2581723            0.1347864            0.3346718
1            1.9606412            5.6537601            8.8456141            0.0109166            0.0385321            0.0158526
1            1.9623848            5.6604768           15.3247347            0.1889252            0.0927219           -0.2327820
1            0.0054004            9.0587625            2.4125610           -0.0387240           -0.0517010            0.0362191
1            0.0150368            9.0566634            8.8677919           -0.1662377            0.0678829            0.1379606
1           -0.0099898            9.0544152           15.2970720            0.0755334            0.0382494           -0.0448415
1           -1.9546347           12.4738575            2.4181551            0.0167183           -0.1909800           -0.0763643
1           -1.9831667           12.4444413            8.8501294            0.3148116            0.2191637            0.1147202
1           -1.9468483           12.4436239           15.3239355           -0.2836241            0.2305330           -0.1933335
1            7.8489500            2.2489690            2.4415186           -0.1798491            0.1030225           -0.0852539
1            7.8422008            2.2552439            8.8722525           -0.0351023           -0.1076076           -0.1372964
1            7.8761237            2.2513618           15.2838555           -0.3779423            0.1137541            0.4116723
1            5.8770814            5.6958505            2.3790085            0.1464052           -0.4704053            0.2857889
1            5.8912713            5.6353258            8.8406248           -0.0199375            0.0795006            0.2508275
1            5.8673895            5.6964199           15.3207147            0.1706049           -0.3197728           -0.0371474
1            3.9400347            9.0628372            2.4264023            0.0027223           -0.1786600           -0.1390396
1            3.9109492            9.0321253            8.8320019            0.2462486            0.1581321            0.2173374
1            3.9130020            9.0596519           15.2884285            0.1187243            0.0008132            0.2971687
1            1.9510993           12.4364125            2.3671074            0.1486474            0.1965540            0.6484927
1            1.9905341           12.4465280            8.8616441           -0.2924190            0.0772463            0.0833410
1            1.9564495           12.4668911           15.3461612            0.2389080           -0.1219169           -0.3215675
1           11.7673432            2.2647294            2.4108414           -0.0525586           -0.0532419           -0.0872814
1           11.7823743            2.2610359            8.8754900           -0.1502699           -0.0308572           -0.3283933
1           11.7699403            2.2784934           15.3244581            0.1168353           -0.0952737            0.0561699
1            9.7994352            5.6644386            2.4123536           -0.0055923            0.0009690           -0.0444377
1            9.8009455            5.6564385            8.8613386            0.2396362           -0.0034285           -0.0020545
1            9.8079042            5.6215546           15.3430265            0.0202876            0.4062501           -0.1446621
1            7.8308794            9.0495180            2.4135743            0.2834407            0.1074959           -0.1101302
1            7.8378464            9.0566686            8.8818986           -0.0513869           -0.2248127           -0.1622931
1            7.8390906            9.0682304           15.2809005            0.0973902           -0.0735623            0.2979615
1            5.9164687           12.4370396            2.4147761           -0.2228947            0.1505276           -0.0283672
1            5.8836792           12.4560279            8.8601438            0.1628884            0.0336211            0.1130389
1            5.8822304           12.4459721           15.3588613           -0.0939736            0.2461498           -0.4978494
1            1.9591553            1.1331727            5.6396025           -0.0168727           -0.0901392           -0.2155148
1            1.9444661            1.1428260           12.0919456            0.0319239           -0.1746708            0.0453407
1            1.9640800            1.1319566           18.5795352            0.0355097           -0.0892013           -0.1303707
1            0.0048300            4.5310966            5.6168653           -0.0707895           -0.0415795            0.1553605
1           -0.0047740            4.5319927           12.0772811           -0.1482280            0.0023390            0.0443853
1           -0.0175656            4.5250305           18.5412620            0.2620820           -0.0369220            0.0887548
1           -1.9609719            7.9262959            5.6361402            0.0132057            0.1499509            0.1400113
1           -1.9876973            7.9123169           12.0930457            0.2301117            0.0729974            0.1126383
1           -1.9594385            7.9263992           18.5171848           -0.0264259            0.0138852            0.2633132
1           -3.9224183           11.3239708            5.6397516            0.0074617           -0.0275475           -0.0377451
1           -3.9214035           11.3212468           12.0909196           -0.1728193            0.1990330           -0.1350737
1           -3.9243883           11.3193278           18.5419886           -0.0528348            0.0057198            0.1612250
1            5.8835666            1.1326009            5.6382087           -0.0391389            0.1317419           -0.0261170
1            5.8464150            1.1484889           12.1075508            0.2266551           -0.1616496           -0.0559569
1            5.8444628            1.1338238           18.5231935            0.4552865           -0.0335154            0.2471943
1            3.9154162            4.5257978            5.6162133            0.0694093           -0.0684605            0.0978959
1            3.8949587            4.4994268           12.0675310            0.2036299            0.2879443            0.1012941
1            3.9434662            4.5333279           18.5171602           -0.1869785           -0.1590247            0.5217612
1            1.9612003            7.9261715            5.6392598           -0.1421833            0.0485974           -0.1202522
1            1.9752439            7.9386713           12.0927649           -0.1722224           -0.1396897           -0.0533228
1            1.9315268            7.8988992           18.5677480            0.4206189            0.3362932           -0.2677597
1            0.0018933           11.3334202            5.6747538           -0.1176732           -0.0424025           -0.3038663
1            0.0041982           11.2981933           12.0881563           -0.0012490            0.3663442           -0.0077134
1            0.0000408           11.3231644           18.5445723           -0.0309647           -0.0835588           -0.1538639
1            9.7938436            1.1272464            5.6599500            0.1611991            0.0643191           -0.2348342
1            9.8105495            1.1430407           12.0553553           -0.1534944           -0.0413971            0.4062328
1            9.7706758            1.1111010           18.5307206            0.1808823            0.1106410            0.0767086
1            7.8437754            4.5263842            5.6873035           -0.0451543            0.1746063           -0.4315761
1            7.8366647            4.5238994           12.1033119            0.0793192            0.1011703           -0.1295149
1            7.8335201            4.5209783           18.5024183            0.0326633           -0.0336714            0.4293347
1            5.8742462            7.9269712            5.6031383            0.1015250           -0.0485418            0.3111821
1            5.8848872            7.9115583           12.1213963           -0.0582672            0.0650466           -0.1534360
1            5.9229715            7.9307088           18.5150352           -0.2438641           -0.0138733            0.1987587
1            3.9230741           11.3239606            5.6386922            0.0386187            0.1063494           -0.1326420
1            3.9210708           11.3161275           12.0903704            0.0567623            0.0413644           -0.1038813
1            3.9053306           11.3609791           18.5595010            0.1690913           -0.3387931           -0.1519212
1           13.7193988            1.1335889            5.6521170            0.1231817            0.0638870           -0.2851639
1           13.7282368            1.1320934           12.0909086           -0.0230253            0.0304683            0.0017550
1           13.7287160            1.1169715           18.5347575           -0.0837298            0.1542342            0.3210999
1           11.7753421            4.5522969            5.6239710           -0.1674821           -0.1152431            0.1786300
1           11.7677384            4.5294461           12.0459086           -0.0096321           -0.0602582            0.4270949
1           11.7658817            4.5287803           18.5741016            0.0304801            0.1841124           -0.1213613
1            9.7765904            7.9527619            5.6097330            0.2058572           -0.2795164            0.2576891
1            9.7932345            7.9419924           12.0728448            0.2692514           -0.1092471            0.1957692
1            9.8058447            7.9266190           18.5451202            0.0023591            0.0045607            0.0422338
1            7.8438397           11.3062309            5.6324872           -0.0751339            0.2668796            0.3301501
1            7.8550337           11.3214193           12.0677130           -0.1456724            0.0027267            0.0756474
1            7.8630876           11.3046182           18.5032934           -0.2776639            0.0266453            0.1787231
