192
          15.6898611            0.0000000            0.0000000
          -7.8449306           13.5878183            0.0000000
           0.0000000            0.0000000           19.3608350
0           -0.0168909            2.2743415            0.0357986            0.1267415            0.0101284           -0.1717354
0            0.0007004            2.2645969            6.4607310            0.0489124            0.0721268            0.0903311
0            0.0210723            2.2676275           12.8898983           -0.1341430           -0.0429844            0.0948573
0           -1.9449310            5.6773711            0.0315746           -0.2592996            0.1579967           -0.1572961
0           -1.9562474            5.6732953            6.4494171            0.0543906           -0.2648935            0.1202958
0           -1.9559978            5.6525883           12.8632749           -0.1361254            0.1483032            0.2745747
0           -3.9282551            9.0576203           19.3452063           -0.0016756            0.1622265            0.1540835
0           -3.8985110            9.0864789            6.4494345           -0.2854375           -0.2636652            0.1723906
0           -3.9226143            9.0586380           12.9073076           -0.0708814           -0.0174032           -0.0159898
0           -5.8901478           12.4715727           19.3286737            0.0139317           -0.2196527            0.1186323
0           -5.8745597           12.4725973            6.4516552           -0.0188903           -0.0568715            0.2004022
0           -5.8432983           12.4329436           12.8960485           -0.4069763            0.2670663            0.2479203
0            3.9319329            2.2438458           19.3598528           -0.0692038            0.2010991            0.1241865
0            3.8762747            2.2551934            6.4558716            0.3113052            0.1135619           -0.0215527
0            3.9169565            2.2593842           12.9421410            0.0622343           -0.0525237           -0.1847579
0            1.9700449            5.6731455           19.3593432           -0.0390458           -0.3235929            0.2653351
0            1.9717664            5.6430156            6.4718164           -0.0086647            0.0835344           -0.1993667
0            1.9971500            5.6639769           12.8795149           -0.2838794            0.0610441           -0.0523230
0            0.0005906            9.0587243            0.0207374            0.0514095           -0.1452751           -0.1817802
0           -0.0191050            9.0711113            6.4389409            0.1309707           -0.0214292            0.0270171
0            0.0068642            9.0553651           12.9033067           -0.0173390            0.0250322            0.1138646
0           -1.9363762           12.4381811            0.0072330           -0.2127496            0.0844926           -0.0243372
0           -1.9605203           12.4582671            6.4422832           -0.0551205            0.1277162            0.0969271
0           -1.9384638           12.4882548           12.9370971           -0.1976954           -0.2131454           -0.1002082
0            7.8493491            2.2656309           19.3550898           -0.0578413           -0.0962336            0.2505214
0            7.8402885            2.2596731            6.4536774            0.1646966            0.0238953           -0.0514825
0            7.8436862            2.2605553           12.9239534            0.0936649            0.0197947           -0.1840818
0            5.8841911            5.6546313           19.3328394           -0.0700454            0.0899696            0.2439756
0            5.8933057            5.6576130            6.4580526            0.0357044            0.0571421            0.1568698
0            5.8666155            5.6597425           12.8620884            0.0864151            0.0315687            0.3449359
0            3.9229638            9.0586726            0.0008112           -0.0649135           -0.0514277           -0.0200604
0            3.9215929            9.0618376            6.4564117           -0.0936227           -0.0312757            0.0887798
0            3.9181044            9.0584224           12.8707005            0.0409227           -0.1430292            0.3451059
0            1.9564572           12.4497471           19.3588042            0.0629782            0.0139331           -0.1168231
0            1.9585084           12.4501983            6.4736322           -0.0140850           -0.0306511            0.0404053
0            1.9661388           12.4616663           12.9248084           -0.0179414           -0.0547029           -0.1211540
0           11.7611773            2.2675217            0.0001806           -0.0119203            0.1835186           -0.0847984
0           11.7679419            2.2610036            6.4567831            0.0250300            0.0449411            0.1666358
0           11.7781616            2.2639382           12.9191961           -0.0413262           -0.0268328           -0.1234892
0            9.8021111            5.6605480            0.0166058            0.1698047            0.1057726           -0.0066009
0            9.7925348            5.6622347            6.4716826            0.0813683            0.0292939           -0.2249778
0            9.8009546            5.6469264           12.9414493            0.0903489            0.1474957           -0.3765377
0            7.8389974            9.0541464           19.3574538            0.1444813            0.0534739           -0.2086244
0            7.8340595            9.0471727            6.4515171           -0.0218467           -0.0808265            0.0246658
0            7.8415398            9.0488962           12.9544162            0.0226834            0.0428728           -0.1674348
0            5.8756358           12.4567041            0.0290490            0.0733227            0.0495307           -0.2311369
0            5.9012325           12.4511686            6.4114822           -0.1134706           -0.0490254            0.3839272
0            5.8772378           12.4362646           12.8938870            0.0756319            0.1997445           -0.0524716
0            1.9941775            1.1188341            3.2308748           -0.2056030            0.0501712           -0.2412583
0            1.9566355            1.1680205            9.6509818           -0.0765336           -0.2302986            0.3272562
0            1.9594770            1.1464231           16.1613391            0.0033173            0.0295520           -0.2211231
0           -0.0069079            4.4879556            3.2066036            0.0426822            0.3792002            0.1687315
0           -0.0120063            4.5158645            9.7055101            0.0844530            0.1749430           -0.0904135
0            0.0061067            4.5253612           16.1030908           -0.1669511            0.1662062            0.1773512
0           -1.9608997            7.9261745            3.2442043           -0.1085260            0.0758718            0.0439169
0           -1.9349783            7.8930397            9.6561359           -0.1666761            0.2136147            0.1354472
0           -1.9607566            7.9353661           16.1338066           -0.0406615           -0.0686950           -0.0477655
0           -3.9206890           11.3239588            3.2670921            0.0545501            0.0171312           -0.1445664
0           -3.9138496           11.2951687            9.7136769            0.0474768            0.0886083           -0.2108757
0           -3.9243248           11.3646946           16.1527887           -0.1537647           -0.2650210           -0.1129664
0            5.8648232            1.1555866            3.2245358            0.0720576           -0.2190578            0.0657739
0            5.8841350            1.1287242            9.6781410           -0.1161267           -0.0099337            0.0203700
0            5.8962149            1.1353007           16.1425567           -0.2859614            0.0343255           -0.0209974
0            3.9257119            4.5234995            3.2459392            0.1385102            0.2182339           -0.0049111
0            3.9475372            4.5457492            9.7138604           -0.1724060           -0.1060828           -0.2976773
0            3.9418179            4.5637840           16.1360914           -0.1153530            0.0221809           -0.1362266
0            1.9581071            7.9398646            3.2063380            0.0560744           -0.0812640            0.1805438
0            1.9616242            7.9261113            9.6856219            0.0281441           -0.0584785           -0.3687734
0            1.9611823            7.9256198           16.1383957            0.0933150           -0.0373498           -0.0637451
0           -0.0011952           11.3219800            3.2224727           -0.0461842            0.1136869            0.0499470
0           -0.0160625           11.3281410            9.6755697            0.0256909           -0.0220378            0.0313004
0            0.0053676           11.3087212           16.1106352           -0.1385533            0.1481880            0.3932719
0            9.8327236            1.1659235            3.2508447           -0.2251991           -0.2374692           -0.0862490
0            9.7870847            1.1269344            9.6883841            0.1149065            0.0225267           -0.0151093
0            9.8179362            1.1552799           16.1662877           -0.1013091           -0.2306671           -0.2574266
0            7.8446294            4.5307429            3.2668187            0.0369825            0.0115119           -0.3804773
0            7.8422211            4.5306292            9.7087991            0.1614457           -0.0007917           -0.0504610
0            7.8561716            4.5292063           16.1514238            0.0467112           -0.0541184           -0.0386780
0            5.8968891            7.9305178            3.2118272           -0.1458991           -0.1085211            0.1121429
0            5.8868776            7.9211188            9.7290147            0.1248168            0.0497078           -0.4121694
0            5.8577110            7.9002299           16.1518122            0.1497134            0.3346631           -0.0177442
0            3.9204207           11.3295394            3.2273147           -0.2019975            0.0176861            0.0976708
0            3.9188602           11.3248802            9.6794295            0.0541627           -0.0325947           -0.0345809
0            3.9594621           11.3055381           16.1363853           -0.1955097            0.2786208            0.0133248
0           13.7246466            1.1349223            3.2281824           -0.0386277            0.1471069            0.2954918
0           13.7292401            1.1328550            9.6665402           -0.0222863           -0.0632462            0.0014759
0           13.7502551            1.1425477           16.1668519           -0.1309504           -0.0350394           -0.2855643
0           11.7659841            4.5217346            3.2230121           -0.0042089            0.0535375            0.2255895
0           11.7474366            4.5112051            9.7139326            0.0963636            0.1463480           -0.2229350
0           11.7867859            4.5231169           16.1509663           -0.0971824           -0.0419197           -0.2863058
0            9.7864181            7.9515411            3.2271573            0.1483284           -0.0663764            0.0061455
0            9.7904924            7.9256471            9.7011725            0.1577160            0.0118037           -0.1893264
0            9.8018969            7.9116704           16.1237047            0.0851864            0.0682970           -0.0247422
0            7.8454013           11.3297955            3.2520917            0.0306619            0.0042989           -0.3151134
0            7.8334646           11.3396722            9.6553038            0.2792434           -0.1116214            0.2456362
0            7.8318954           11.3647222           16.1099173            0.1116631           -0.3210279            0.0661270
1           -0.0129976            2.2682392            2.4337445            0.2086199           -0.3470102           -0.0880480
1           -0.0076068            2.2777659            8.8914927           -0.0024373           -0.0891326           -0.2980859
1            0.0003513            2.2678710           15.3186082            0.0168143           -0.0290159           -0.0747918
1           -1.9667673            5.6664962            2.4257506            0.0525512           -0.0301629            0.0519604
1           -1.9490500            5.6572171            8.8632326           -0.1890644           -0.2268385            0.0300117
1           -1.9988203            5.6660413           15.3012866            0.4068316            0.0438506           -0.0487320
1           -3.9309201            9.0800319            2.4068087            0.0716268           -0.1339222            0.0475146
1           -3.9226430            9.0594484            8.8646028            0.0526152           -0.1643400            0.0607451
1           -3.9227708            9.0589864           15.3163066           -0.0396655            0.2113634            0.0317710
1           -5.8546569           12.4640536            2.3991587           -0.2713657           -0.1363528           -0.0100818
1           -5.8492676           12.4672434            8.8950454           -0.2075312           -0.0086181           -0.2539640
1           -5.9054669           12.4743060           15.3395227            0.2691843            0.0362896           -0.2513893
1            3.9203289            2.2849013            2.4456425           -0.0316199           -0.0575634           -0.4149261
1            3.8934583            2.2631809            8.8683997            0.3728226            0.1912054           -0.0319762
1            3.9025888            2.3037180           15.3220027            0.2065190           -0.2081472            0.2073215
1            1.9726327            5.6556947            2.4541672           -0.1204962            0.0046978           -0.3442458
1            1.9606959            5.6405170            8.8516190            0.0266709            0.0880578            0.3129154
1            1.9606789            5.6695218           15.2743158            0.0430037            0.0293708            0.2333338
1            0.0005151            9.0583566            2.4100269           -0.0915298           -0.0102809            0.1527377
1           -0.0015228            9.0606427            8.8609699            0.0935084            0.0361291           -0.0438205
1            0.0111505            9.0736725           15.3567485           -0.0770364           -0.2811645           -0.3928755
1           -1.9739436           12.4621287            2.4040157            0.0341510            0.0197963            0.1969603
1           -1.9679135           12.4554981            8.8535989           -0.0479559           -0.0038596            0.0864906
1           -1.9684362           12.4555782           15.3382753            0.0714605            0.0584245           -0.0331848
1            7.8285581            2.2583056            2.4453311            0.2200388            0.1071888           -0.2403195
1            7.8405986            2.2613201            8.8693505           -0.0101558            0.1121394           -0.0352434
1            7.8260342            2.2323901           15.2947760            0.2395850            0.3315187            0.3906694
1            5.8980725            5.6653946            2.4144142           -0.1127653           -0.0848281           -0.1275372
1            5.8938668            5.6583920            8.8899711            0.0265038            0.0721263           -0.1746663
1            5.8928548            5.6948434           15.3316648            0.1001137           -0.3659287           -0.3439309
1            3.9274139            9.0576791            2.4079293            0.0026531            0.0957271            0.0314315
1            3.9462972            9.0507791            8.8801408           -0.1295820            0.0160570           -0.1053271
1            3.9320574            9.0789239           15.3442274           -0.0992829           -0.3009652           -0.4183655
1            1.9387700           12.4689489            2.3737359            0.1976474            0.0496267            0.4498400
1            1.9581847           12.4559438            8.8695449           -0.0098714           -0.0376192            0.0965231
1            1.9353122           12.4278401           15.3162255            0.4246842            0.3184514            0.2094692
1           11.7674046            2.2652067            2.4055566            0.0801252            0.0852043            0.0093092
1           11.7693335            2.2601885            8.8849671           -0.1385334           -0.0235435           -0.1385939
1           11.7644754            2.2641755           15.3127254            0.1174139           -0.0778017            0.1237835
1            9.8167028            5.6731325            2.4327909           -0.0959189           -0.0501444           -0.0759816
1            9.8108963            5.6750541            8.8406233           -0.0783183           -0.1497581            0.3990078
1            9.8392377            5.6599641           15.2898734           -0.2442693           -0.1298349            0.4970161
1            7.8311547            9.0387037            2.3835668            0.0797782            0.3965009            0.1795338
1            7.8598781            9.0565256            8.8724858           -0.2191930            0.0429511           -0.0795174
1            7.8452901            9.0585760           15.3456351           -0.1299395            0.0267840            0.0403930
1            5.8605126           12.4948956            2.4226222            0.2278081           -0.3525067            0.0514993
1            5.9000386           12.4494488            8.8815387           -0.2361862            0.0962073           -0.3356331
1            5.9022343           12.4554292           15.3157873           -0.3145956            0.2662456           -0.1151961
1            1.9583660            1.1338367            5.5979835           -0.1246726           -0.0481146            0.3640562
1            1.9655171            1.1348894           12.1052637            0.0849749           -0.0759545           -0.1985317
1            1.9715134            1.1221709           18.5384049           -0.2147856            0.3287188            0.2583182
1            0.0044208            4.5258341            5.6333228           -0.0136999           -0.0029866           -0.0175155
1           -0.0193765            4.5352809           12.0975083            0.3849087           -0.0163290            0.0200747
1           -0.0268614            4.5481349           18.5711988            0.3176826           -0.1399718           -0.3005756
1           -1.9850288            7.9072966            5.6775149            0.2041770            0.2291701           -0.3690410
1           -1.9620385            7.9238542           12.0913769            0.0426213            0.0730275           -0.1056124
1           -1.9823827            7.9629099           18.5405067            0.2661408           -0.2852270            0.0803620
1           -3.9133998           11.3100790            5.6642973           -0.0904035            0.2749178           -0.1398631
1           -3.9489150           11.3342731           12.0883721            0.6352076           -0.1470571            0.1990194
1           -3.9208670           11.3253664           18.5426463            0.0351329            0.0742737            0.1151464
1            5.8914083            1.1345351            5.6339102           -0.2298934            0.0534791            0.0887090
1            5.9050978            1.1360231           12.1041111           -0.2662789            0.1037850           -0.1300823
1            5.8792550            1.1319305           18.5519249            0.1460771           -0.0935975           -0.0017828
1            3.9522204            4.5450006            5.6452146           -0.2016236           -0.2314577            0.0853174
1            3.9238744            4.5241935           12.0878469            0.0291219           -0.1764149            0.1084701
1            3.9290538            4.5339392           18.5208918           -0.1063908           -0.1649105            0.2659581
1            1.9606424            7.9210198            5.6365414           -0.0959508            0.0508265            0.0026855
1            1.9717296            7.9297466           12.0501521           -0.1307859           -0.0500823            0.3967168
1            1.9710317            7.8814044           18.5402167           -0.1043413            0.4817140            0.0812017
1           -0.0075802           11.3582830            5.6548275            0.0889251           -0.2891692           -0.2407760
1           -0.0075547           11.3331058           12.0938809            0.0539306           -0.0715384            0.0055187
1            0.0032265           11.3168448           18.5857985            0.0714587           -0.0452083           -0.4857156
1            9.8398325            1.0983589            5.6506709           -0.2630904            0.2929995            0.0008307
1            9.8043866            1.1342654           12.0928337            0.0628727            0.0047598            0.0695850
1            9.8071615            1.1320809           18.5516456           -0.0205637           -0.0102833            0.0607149
1            7.8438049            4.5430035            5.6249442            0.0608245           -0.1805442            0.3742112
1            7.8453931            4.5309795           12.1239183            0.0034838           -0.0769997           -0.1469954
1            7.8482728            4.5254416           18.5927200            0.0610063            0.0204124           -0.3993889
1            5.8526529            7.9120558            5.6347875            0.2398030            0.1187464           -0.0402254
1            5.8797900            7.9153421           12.0785188            0.0913473            0.1350191            0.4235352
1            5.8830925            7.9296495           18.5470991           -0.0056519           -0.0537319            0.0626709
1            3.9111294           11.3339547            5.6776305            0.0881643           -0.1059594           -0.3540479
1            3.9190678           11.2925255           12.0885871           -0.0477022            0.3413931            0.0082873
1            3.9195875           11.3178121           18.5473658            0.0377656            0.0716688            0.0051968
1           13.7351829            1.1238051            5.6837166           -0.0182183            0.1293457           -0.3833884
1           13.7296336            1.1585985           12.0598546            0.0419483           -0.2802759            0.3058689
1           13.7190235            1.1589486           18.5381586            0.0754038           -0.2460012            0.2798877
1           11.7713301            4.5284095            5.6746265           -0.0617043           -0.0184039           -0.2992135
1           11.7694399            4.5285837           12.0976015           -0.1504319           -0.0182370            0.0575564
1           11.7728030            4.5444264           18.5020476           -0.0153883           -0.0344759            0.6133719
1            9.8085433            7.9240937            5.6321947            0.0274822            0.1079232            0.0789466
1            9.7938825            7.9194220           12.0757156            0.0436282           -0.0429953            0.3211753
1            9.8325027            7.9375874           18.5298871           -0.3227756           -0.1821320            0.0918079
1            7.8454916           11.3234815            5.6382364            0.1675489           -0.0913186            0.0773223
1            7.8606827           11.3214045           12.1086073           -0.0781893           -0.0761343           -0.1536133
1            7.8418026           11.3256045           18.5106378           -0.0950239            0.0285126            0.3030897
