4
         -18.3256757
         -95.4794308          -95.4794308          -96.0399368            0.0000000           -0.0000000            0.0000000
           4.4378680            0.0000000            0.0000000
          -2.2189340            3.8433064            0.0000000
           0.0000000            0.0000000            7.2917193
0           -0.0000000            2.5622043            0.0000000
0            2.2189340            1.2811021            3.6458597
1           -0.0000000            2.5622043            2.7295901
1            2.2189340            1.2811021            6.3754497
