4
         -19.1562309
          49.4651758           49.4651758           49.9057888            0.0000000            0.0000000            0.0000000
           4.0269543            0.0000000            0.0000000
          -2.0134771            3.4874447            0.0000000
           0.0000000            0.0000000            6.6165601
0           -0.0000000            2.3249631            0.0000000
0            2.0134771            1.1624815            3.3082801
1           -0.0000000            2.3249631            2.4768503
1            2.0134771            1.1624815            5.7851303
