4
         -19.0375179
          79.9578896           79.9578896           80.6607473            0.0000000            0.0000000            0.0000000
           3.9858629            0.0000000            0.0000000
          -1.9929314            3.4518585            0.0000000
           0.0000000            0.0000000            6.5490442
0           -0.0000000            2.3012390            0.0000000
0            1.9929315            1.1506195            3.2745221
1           -0.0000000            2.3012390            2.4515763
1            1.9929315            1.1506195            5.7260984
