4
         -16.9579480
         378.7273513          378.7273513          383.2325205            0.0000000            0.0000000           -0.0000000
           3.7393147            0.0000000            0.0000000
          -1.8696573            3.2383415            0.0000000
           0.0000000            0.0000000            6.1439487
0           -0.0000000            2.1588943            0.0000000
0            1.8696573            1.0794472            3.0719743
1           -0.0000000            2.1588943            2.2999324
1            1.8696573            1.0794472            5.3719067
