4
         -17.9557044
         252.7086966          252.7086966          255.3982410            0.0000000            0.0000000            0.0000000
           3.8214974            0.0000000            0.0000000
          -1.9107487            3.3095138            0.0000000
           0.0000000            0.0000000            6.2789805
0           -0.0000000            2.2063426            0.0000000
0            1.9107487            1.1031713            3.1394903
1           -0.0000000            2.2063426            2.3504804
1            1.9107487            1.1031713            5.4899706
