4
         -17.8940900
        -103.5033253         -103.5033253         -103.8302714            0.0000000            0.0000000            0.0000000
           4.5200507            0.0000000            0.0000000
          -2.2600253            3.9144787            0.0000000
           0.0000000            0.0000000            7.4267512
0           -0.0000000            2.6096525            0.0000000
0            2.2600254            1.3048262            3.7133756
1           -0.0000000            2.6096525            2.7801381
1            2.2600254            1.3048262            6.4935136
