4
         -19.1029088
         -51.5764996          -51.5764996          -51.8293783            0.0000000           -0.0000000            0.0000000
           4.2324111            0.0000000            0.0000000
          -2.1162056            3.6653755            0.0000000
           0.0000000            0.0000000            6.9541397
0           -0.0000000            2.4435837            0.0000000
0            2.1162056            1.2217918            3.4770699
1           -0.0000000            2.4435837            2.6032202
1            2.1162056            1.2217918            6.0802900
