4
         -16.3176929
         454.8250403          454.8250403          460.3974964           -0.0000000            0.0000000            0.0000000
           3.6982233            0.0000000            0.0000000
          -1.8491116            3.2027553            0.0000000
           0.0000000            0.0000000            6.0764328
0           -0.0000000            2.1351702            0.0000000
0            1.8491117            1.0675851            3.0382164
1           -0.0000000            2.1351702            2.2746584
1            1.8491117            1.0675851            5.3128748
