4
         -18.5203135
         -89.7667041          -89.7667041          -90.3714476            0.0000000            0.0000000            0.0000000
           4.3967766            0.0000000            0.0000000
          -2.1983883            3.8077202            0.0000000
           0.0000000            0.0000000            7.2242034
0           -0.0000000            2.5384802            0.0000000
0            2.1983883            1.2692401            3.6121017
1           -0.0000000            2.5384802            2.7043161
1            2.1983883            1.2692401            6.3164178
