4
         -18.8641613
         114.9960450          114.9960450          116.0185276            0.0000000           -0.0000000            0.0000000
           3.9447715            0.0000000            0.0000000
          -1.9723858            3.4162723            0.0000000
           0.0000000            0.0000000            6.4815283
0           -0.0000000            2.2775149            0.0000000
0            1.9723858            1.1387574            3.2407641
1           -0.0000000            2.2775149            2.4263023
1            1.9723858            1.1387574            5.6670664
