4
         -18.6302935
         155.0572968          155.0572968          156.4863378            0.0000000           -0.0000000            0.0000000
           3.9036801            0.0000000            0.0000000
          -1.9518401            3.3806862            0.0000000
           0.0000000            0.0000000            6.4140124
0           -0.0000000            2.2537908            0.0000000
0            1.9518401            1.1268954            3.2070062
1           -0.0000000            2.2537908            2.4010283
1            1.9518401            1.1268954            5.6080345
