4
         -18.1162745
        -100.0122490         -100.0122490         -100.4591533            0.0000000           -0.0000000            0.0000000
           4.4789593            0.0000000            0.0000000
          -2.2394797            3.8788926            0.0000000
           0.0000000            0.0000000            7.3592352
0           -0.0000000            2.5859284            0.0000000
0            2.2394797            1.2929642            3.6796176
1           -0.0000000            2.5859284            2.7548641
1            2.2394797            1.2929642            6.4344817
