4
         -19.2360221
         -19.9251634          -19.9251634          -20.0845136            0.0000000           -0.0000000            0.0000000
           4.1502284            0.0000000            0.0000000
          -2.0751142            3.5942032            0.0000000
           0.0000000            0.0000000            6.8191079
0           -0.0000000            2.3961355            0.0000000
0            2.0751142            1.1980677            3.4095539
1           -0.0000000            2.3961355            2.5526722
1            2.0751142            1.1980677            5.9622262
