4
         -22.9379513
         309.1218856           78.2248808           30.8721785           77.3479262            0.0000000            0.0000000
           3.4196238            0.0000000            0.0000000
          -1.8997910            3.2905345            0.0000000
           0.0000000            0.0000000            6.2862996
0           -0.1266527            2.1936897            0.0000000
0            1.6464855            1.0968448            3.1431498
0           -0.1266527            2.1936897            2.3501882
0            1.6464855            1.0968448            5.4933380
