4
         -23.6204553
         -94.5970420          -17.6760650           -8.2612275          -20.9547709            0.0000000            0.0000000
           3.9895611            0.0000000            0.0000000
          -1.8997910            3.2905345            0.0000000
           0.0000000            0.0000000            6.2862996
0            0.0633263            2.1936897            0.0000000
0            2.0264437            1.0968448            3.1431498
0            0.0633263            2.1936897            2.3501882
0            2.0264437            1.0968448            5.4933380
