4
         -23.5608008
         132.8367813           29.2342650           12.3298558           31.9204066            0.0000000            0.0000000
           3.6096029            0.0000000            0.0000000
          -1.8997910            3.2905345            0.0000000
           0.0000000            0.0000000            6.2862996
0           -0.0633264            2.1936897            0.0000000
0            1.7731383            1.0968448            3.1431498
0           -0.0633264            2.1936897            2.3501882
0            1.7731383            1.0968448            5.4933380
