4
         -23.5661071
        -109.4711521          -20.4260149           -9.6538070          -24.0037276            0.0000000            0.0000000
           4.0275569            0.0000000            0.0000000
          -1.8997910            3.2905345            0.0000000
           0.0000000            0.0000000            6.2862996
0            0.0759916            2.1936897            0.0000000
0            2.0517743            1.0968448            3.1431498
0            0.0759916            2.1936897            2.3501882
0            2.0517743            1.0968448            5.4933380
