4
         -23.3713655
         198.4387960           45.5616530           19.1263179           48.6899654            0.0000000            0.0000000
           3.5336112            0.0000000            0.0000000
          -1.8997910            3.2905345            0.0000000
           0.0000000            0.0000000            6.2862996
0           -0.0886569            2.1936897            0.0000000
0            1.7224772            1.0968448            3.1431498
0           -0.0886569            2.1936897            2.3501882
0            1.7224772            1.0968448            5.4933380
