4
         -23.2755593
        -158.1799836          -28.4535136          -13.9595552          -33.2141930            0.0000000            0.0000000
           4.1795402            0.0000000            0.0000000
          -1.8997910            3.2905345            0.0000000
           0.0000000            0.0000000            6.2862996
0            0.1266527            2.1936897            0.0000000
0            2.1530965            1.0968448            3.1431498
0            0.1266527            2.1936897            2.3501882
0            2.1530965            1.0968448            5.4933380
