4
         -23.7395774
          23.3496954            4.6601538            2.1295472            5.4725312            0.0000000            0.0000000
           3.7615861            0.0000000            0.0000000
          -1.8997910            3.2905345            0.0000000
           0.0000000            0.0000000            6.2862996
0           -0.0126653            2.1936897            0.0000000
0            1.8744605            1.0968448            3.1431498
0           -0.0126653            2.1936897            2.3501882
0            1.8744605            1.0968448            5.4933380
