4
         -23.5038809
        -123.3327715          -22.7696012          -10.8099949          -26.7887893            0.0000000            0.0000000
           4.0655527            0.0000000            0.0000000
          -1.8997910            3.2905345            0.0000000
           0.0000000            0.0000000            6.2862996
0            0.0886569            2.1936897            0.0000000
0            2.0771048            1.0968448            3.1431498
0            0.0886569            2.1936897            2.3501882
0            2.0771048            1.0968448            5.4933380
