4
         -23.2476341
         233.9779031           55.0953068           22.9066109           57.9139367            0.0000000            0.0000000
           3.4956154            0.0000000            0.0000000
          -1.8997910            3.2905345            0.0000000
           0.0000000            0.0000000            6.2862996
0           -0.1013222            2.1936897            0.0000000
0            1.6971466            1.0968448            3.1431498
0           -0.1013222            2.1936897            2.3501882
0            1.6971466            1.0968448            5.4933380
