4
         -23.7444425
         -21.7991390           -4.2113247           -1.9203394           -5.0126385            0.0000000            0.0000000
           3.8375778            0.0000000            0.0000000
          -1.8997910            3.2905345            0.0000000
           0.0000000            0.0000000            6.2862996
0            0.0126653            2.1936897            0.0000000
0            1.9251215            1.0968448            3.1431498
0            0.0126653            2.1936897            2.3501882
0            1.9251215            1.0968448            5.4933380
