4
         -23.4753832
         164.7582101           36.9513899           15.6164470           40.0356299            0.0000000            0.0000000
           3.5716070            0.0000000            0.0000000
          -1.8997910            3.2905345            0.0000000
           0.0000000            0.0000000            6.2862996
0           -0.0759917            2.1936897            0.0000000
0            1.7478077            1.0968448            3.1431498
0           -0.0759917            2.1936897            2.3501882
0            1.7478077            1.0968448            5.4933380
