4
         -23.7173927
          48.3179526            9.8007727            4.4763434           11.4346267            0.0000000            0.0000000
           3.7235903            0.0000000            0.0000000
          -1.8997910            3.2905345            0.0000000
           0.0000000            0.0000000            6.2862996
0           -0.0253306            2.1936897            0.0000000
0            1.8491299            1.0968448            3.1431498
0           -0.0253306            2.1936897            2.3501882
0            1.8491299            1.0968448            5.4933380
