4
         -23.7290002
         -42.1263176           -8.0099044           -3.6614056           -9.5912078            0.0000000            0.0000000
           3.8755736            0.0000000            0.0000000
          -1.8997910            3.2905345            0.0000000
           0.0000000            0.0000000            6.2862996
0            0.0253305            2.1936897            0.0000000
0            1.9504521            1.0968448            3.1431498
0            0.0253305            2.1936897            2.3501882
0            1.9504521            1.0968448            5.4933380
