4
         -23.6808711
          74.9084111           15.5382926            6.9804114           17.8492150            0.0000000            0.0000000
           3.6855945            0.0000000            0.0000000
          -1.8997910            3.2905345            0.0000000
           0.0000000            0.0000000            6.2862996
0           -0.0379958            2.1936897            0.0000000
0            1.8237994            1.0968448            3.1431498
0           -0.0379958            2.1936897            2.3501882
0            1.8237994            1.0968448            5.4933380
