4
         -23.4342913
        -136.1097616          -24.8865759          -11.8477880          -29.2889889            0.0000000            0.0000000
           4.1035485            0.0000000            0.0000000
          -1.8997910            3.2905345            0.0000000
           0.0000000            0.0000000            6.2862996
0            0.1013222            2.1936897            0.0000000
0            2.1024354            1.0968448            3.1431498
0            0.1013222            2.1936897            2.3501882
0            2.1024354            1.0968448            5.4933380
