4
         -23.6661955
         -78.5146139          -14.6489866           -6.7587068          -17.5568201            0.0000000            0.0000000
           3.9515652            0.0000000            0.0000000
          -1.8997910            3.2905345            0.0000000
           0.0000000            0.0000000            6.2862996
0            0.0506611            2.1936897            0.0000000
0            2.0011132            1.0968448            3.1431498
0            0.0506611            2.1936897            2.3501882
0            2.0011132            1.0968448            5.4933380
