4
         -23.3579842
        -147.7255694          -26.8744053          -12.9279393          -31.4889319            0.0000000            0.0000000
           4.1415443            0.0000000            0.0000000
          -1.8997910            3.2905345            0.0000000
           0.0000000            0.0000000            6.2862996
0            0.1139874            2.1936897            0.0000000
0            2.1277659            1.0968448            3.1431498
0            0.1139874            2.1936897            2.3501882
0            2.1277659            1.0968448            5.4933380
