4
         -19.1454035
          23.1913039           23.1913039           13.9103905            0.0000000            0.0000000            0.0000000
           3.9067591            0.0000000            0.0000000
          -1.9533795            3.3833526            0.0000000
           0.0000000            0.0000000            6.4771985
0           -0.0000000            2.2555684            0.0000000
0            1.9533796            1.1277842            3.2385992
1           -0.0000000            2.2555684            2.4213385
1            1.9533796            1.1277842            5.6599378
