4
         -18.5283785
         195.1295473          195.1295473          110.7939872            0.0000000            0.0000000            0.0000000
           3.7094480            0.0000000            0.0000000
          -1.8547240            3.2124762            0.0000000
           0.0000000            0.0000000            6.3144548
0           -0.0000000            2.1416508            0.0000000
0            1.8547240            1.0708254            3.1572274
1           -0.0000000            2.1416508            2.3605009
1            1.8547240            1.0708254            5.5177283
