4
         -17.9702004
         298.6679134          298.6679134          166.2285431            0.0000000            0.0000000            0.0000000
           3.6305236            0.0000000            0.0000000
          -1.8152618            3.1441257            0.0000000
           0.0000000            0.0000000            6.2493573
0           -0.0000000            2.0960838            0.0000000
0            1.8152618            1.0480419            3.1246787
1           -0.0000000            2.0960838            2.3361658
1            1.8152618            1.0480419            5.4608445
