4
         -19.1571399
         -20.3554315          -20.3554315          -12.4582261            0.0000000           -0.0000000            0.0000000
           3.9856835            0.0000000            0.0000000
          -1.9928418            3.4517032            0.0000000
           0.0000000            0.0000000            6.5422960
0           -0.0000000            2.3011355            0.0000000
0            1.9928418            1.1505677            3.2711480
1           -0.0000000            2.3011355            2.4456736
1            1.9928418            1.1505677            5.7168216
