4
         -18.2192819
        -113.2558229         -113.2558229          -77.2043641            0.0000000           -0.0000000            0.0000000
           4.3408434            0.0000000            0.0000000
          -2.1704217            3.7592807            0.0000000
           0.0000000            0.0000000            6.8352346
0           -0.0000000            2.5061871            0.0000000
0            2.1704217            1.2530935            3.4176173
1           -0.0000000            2.5061871            2.5551814
1            2.1704217            1.2530935            5.9727987
