4
         -18.6653856
         -95.8875455          -95.8875455          -62.9758479            0.0000000           -0.0000000            0.0000000
           4.2224568            0.0000000            0.0000000
          -2.1112284            3.6567549            0.0000000
           0.0000000            0.0000000            6.7375884
0           -0.0000000            2.4378366            0.0000000
0            2.1112284            1.2189183            3.3687942
1           -0.0000000            2.4378366            2.5186788
1            2.1112284            1.2189183            5.8874730
