4
         -19.0688477
         -53.5805155          -53.5805155          -33.5328720            0.0000000            0.0000000            0.0000000
           4.0646079            0.0000000            0.0000000
          -2.0323040            3.5200537            0.0000000
           0.0000000            0.0000000            6.6073934
0           -0.0000000            2.3467025            0.0000000
0            2.0323040            1.1733512            3.3036967
1           -0.0000000            2.3467025            2.4700087
1            2.0323040            1.1733512            5.7737054
