4
         -18.7327199
         151.8215136          151.8215136           87.1400334            0.0000000           -0.0000000            0.0000000
           3.7489102            0.0000000            0.0000000
          -1.8744551            3.2466515            0.0000000
           0.0000000            0.0000000            6.3470036
0           -0.0000000            2.1644343            0.0000000
0            1.8744551            1.0822172            3.1735018
1           -0.0000000            2.1644343            2.3726684
1            1.8744551            1.0822172            5.5461702
