4
         -18.3787497
        -108.5612860         -108.5612860          -73.1542451            0.0000000            0.0000000            0.0000000
           4.3013812            0.0000000            0.0000000
          -2.1506906            3.7251054            0.0000000
           0.0000000            0.0000000            6.8026858
0           -0.0000000            2.4834036            0.0000000
0            2.1506906            1.2417018            3.4013429
1           -0.0000000            2.4834036            2.5430138
1            2.1506906            1.2417018            5.9443568
