4
         -19.1242763
         -38.1547953          -38.1547953          -23.6055627            0.0000000            0.0000000            0.0000000
           4.0251457            0.0000000            0.0000000
          -2.0125729            3.4858784            0.0000000
           0.0000000            0.0000000            6.5748447
0           -0.0000000            2.3239190            0.0000000
0            2.0125729            1.1619595            3.2874223
1           -0.0000000            2.3239190            2.4578411
1            2.0125729            1.1619595            5.7452635
