4
         -18.8996593
         -78.0331960          -78.0331960          -49.8732958            0.0000000           -0.0000000            0.0000000
           4.1435324            0.0000000            0.0000000
          -2.0717662            3.5884043            0.0000000
           0.0000000            0.0000000            6.6724909
0           -0.0000000            2.3922695            0.0000000
0            2.0717662            1.1961348            3.3362455
1           -0.0000000            2.3922695            2.4943437
1            2.0717662            1.1961348            5.8305892
