4
         -18.9932434
         -66.7555672          -66.7555672          -42.2756175            0.0000000           -0.0000000            0.0000000
           4.1040702            0.0000000            0.0000000
          -2.0520351            3.5542290            0.0000000
           0.0000000            0.0000000            6.6399422
0           -0.0000000            2.3694860            0.0000000
0            2.0520351            1.1847430            3.3199711
1           -0.0000000            2.3694860            2.4821762
1            2.0520351            1.1847430            5.8021473
