4
         -18.2757541
         243.9102708          243.9102708          137.0781853            0.0000000           -0.0000000            0.0000000
           3.6699858            0.0000000            0.0000000
          -1.8349929            3.1783009            0.0000000
           0.0000000            0.0000000            6.2819061
0           -0.0000000            2.1188673            0.0000000
0            1.8349929            1.0594336            3.1409530
1           -0.0000000            2.1188673            2.3483334
1            1.8349929            1.0594336            5.4892864
