4
         -18.8927094
         113.3383909          113.3383909           65.7853470            0.0000000           -0.0000000           -0.0000000
           3.7883724            0.0000000            0.0000000
          -1.8941862            3.2808268            0.0000000
           0.0000000            0.0000000            6.3795523
0           -0.0000000            2.1872179            0.0000000
0            1.8941862            1.0936089            3.1897761
1           -0.0000000            2.1872179            2.3848359
1            1.8941862            1.0936089            5.5746121
