4
         -18.5279215
        -102.8453667         -102.8453667          -68.3677778            0.0000000           -0.0000000            0.0000000
           4.2619190            0.0000000            0.0000000
          -2.1309595            3.6909301            0.0000000
           0.0000000            0.0000000            6.7701371
0           -0.0000000            2.4606201            0.0000000
0            2.1309595            1.2303100            3.3850686
1           -0.0000000            2.4606201            2.5308463
1            2.1309595            1.2303100            5.9159149
