4
         -17.6067998
         360.1227460          360.1227460          198.5222083           -0.0000000            0.0000000            0.0000000
           3.5910614            0.0000000            0.0000000
          -1.7955307            3.1099504            0.0000000
           0.0000000            0.0000000            6.2168086
0           -0.0000000            2.0733003            0.0000000
0            1.7955307            1.0366501            3.1084043
1           -0.0000000            2.0733003            2.3239983
1            1.7955307            1.0366501            5.4324026
