4
         -19.0124175
          79.3744433           79.3744433           46.6315405            0.0000000           -0.0000000            0.0000000
           3.8278347            0.0000000            0.0000000
          -1.9139173            3.3150021            0.0000000
           0.0000000            0.0000000            6.4121010
0           -0.0000000            2.2100014            0.0000000
0            1.9139173            1.1050007            3.2060505
1           -0.0000000            2.2100014            2.3970035
1            1.9139173            1.1050007            5.6030540
