4
         -18.7897967
         -87.6976771          -87.6976771          -56.8334075            0.0000000            0.0000000            0.0000000
           4.1829946            0.0000000            0.0000000
          -2.0914973            3.6225796            0.0000000
           0.0000000            0.0000000            6.7050396
0           -0.0000000            2.4150531            0.0000000
0            2.0914973            1.2075265            3.3525198
1           -0.0000000            2.4150531            2.5065112
1            2.0914973            1.2075265            5.8590311
