4
         -16.9907611
         403.2296710          403.2296710          408.7855894            0.0000000            0.0000000            0.0000000
           3.5910614            0.0000000            0.0000000
          -1.7955307            3.1099504            0.0000000
           0.0000000            0.0000000            5.9238700
0           -0.0000000            2.0733003            0.0000000
0            1.7955307            1.0366501            2.9619350
1           -0.0000000            2.0733003            2.2144905
1            1.7955307            1.0366501            5.1764255
