4
         -16.3842100
         484.6740182          484.6740182          491.8741156            0.0000000            0.0000000           -0.0000000
           3.5515992            0.0000000            0.0000000
          -1.7757996            3.0757751            0.0000000
           0.0000000            0.0000000            5.8587725
0           -0.0000000            2.0505167            0.0000000
0            1.7757996            1.0252584            2.9293863
1           -0.0000000            2.0505167            2.1901555
1            1.7757996            1.0252584            5.1195417
