4
         -17.5047001
         331.5645829          331.5645829          336.0898538            0.0000000            0.0000000            0.0000000
           3.6305236            0.0000000            0.0000000
          -1.8152618            3.1441257            0.0000000
           0.0000000            0.0000000            5.9889674
0           -0.0000000            2.0960838            0.0000000
0            1.8152618            1.0480419            2.9944837
1           -0.0000000            2.0960838            2.2388256
1            1.8152618            1.0480419            5.2333093
