4
         -19.1534953
         -21.0199218          -21.0199218          -21.1906456            0.0000000           -0.0000000            0.0000000
           3.9856835            0.0000000            0.0000000
          -1.9928418            3.4517032            0.0000000
           0.0000000            0.0000000            6.5748447
0           -0.0000000            2.3011355            0.0000000
0            1.9928418            1.1505677            3.2874223
1           -0.0000000            2.3011355            2.4578411
1            1.9928418            1.1505677            5.7452635
