4
         -18.6604809
         -87.3165003          -87.3165003          -87.9223091            0.0000000            0.0000000            0.0000000
           4.1829946            0.0000000            0.0000000
          -2.0914973            3.6225796            0.0000000
           0.0000000            0.0000000            6.9003321
0           -0.0000000            2.4150531            0.0000000
0            2.0914973            1.2075265            3.4501660
1           -0.0000000            2.4150531            2.5795164
1            2.0914973            1.2075265            6.0296825
