4
         -18.7935957
         121.6947975          121.6947975          123.0313278            0.0000000            0.0000000            0.0000000
           3.7883724            0.0000000            0.0000000
          -1.8941862            3.2808268            0.0000000
           0.0000000            0.0000000            6.2493573
0           -0.0000000            2.1872179            0.0000000
0            1.8941862            1.0936089            3.1246787
1           -0.0000000            2.1872179            2.3361658
1            1.8941862            1.0936089            5.4608445
