4
         -18.5722265
         164.3604507          164.3604507          166.1192055            0.0000000           -0.0000000            0.0000000
           3.7489102            0.0000000            0.0000000
          -1.8744551            3.2466515            0.0000000
           0.0000000            0.0000000            6.1842599
0           -0.0000000            2.1644343            0.0000000
0            1.8744551            1.0822172            3.0921299
1           -0.0000000            2.1644343            2.3118308
1            1.8744551            1.0822172            5.4039607
