4
         -19.1083561
         -39.1057753          -39.1057753          -39.3816678            0.0000000            0.0000000            0.0000000
           4.0251457            0.0000000            0.0000000
          -2.0125729            3.4858784            0.0000000
           0.0000000            0.0000000            6.6399422
0           -0.0000000            2.3239190            0.0000000
0            2.0125729            1.1619595            3.3199711
1           -0.0000000            2.3239190            2.4821762
1            2.0125729            1.1619595            5.8021473
