4
         -19.0332930
         -54.3683939          -54.3683939          -54.5752895            0.0000000           -0.0000000            0.0000000
           4.0646079            0.0000000            0.0000000
          -2.0323040            3.5200537            0.0000000
           0.0000000            0.0000000            6.7050396
0           -0.0000000            2.3467025            0.0000000
0            2.0323040            1.1733512            3.3525198
1           -0.0000000            2.3467025            2.5065112
1            2.0323040            1.1733512            5.8590311
