4
         -18.2880604
         212.9882388          212.9882388          215.3951225            0.0000000            0.0000000           -0.0000000
           3.7094480            0.0000000            0.0000000
          -1.8547240            3.2124762            0.0000000
           0.0000000            0.0000000            6.1191624
0           -0.0000000            2.1416508            0.0000000
0            1.8547240            1.0708254            3.0595812
1           -0.0000000            2.1416508            2.2874957
1            1.8547240            1.0708254            5.3470769
