4
         -18.9582215
          84.5186051           84.5186051           85.4993562            0.0000000            0.0000000           -0.0000000
           3.8278347            0.0000000            0.0000000
          -1.9139173            3.3150021            0.0000000
           0.0000000            0.0000000            6.3144548
0           -0.0000000            2.2100014            0.0000000
0            1.9139173            1.1050007            3.1572274
1           -0.0000000            2.2100014            2.3605009
1            1.9139173            1.1050007            5.5177283
