4
         -18.8066189
         -78.2342316          -78.2342316          -78.7399578            0.0000000            0.0000000            0.0000000
           4.1435324            0.0000000            0.0000000
          -2.0717662            3.5884043            0.0000000
           0.0000000            0.0000000            6.8352346
0           -0.0000000            2.3922695            0.0000000
0            2.0717662            1.1961348            3.4176173
1           -0.0000000            2.3922695            2.5551814
1            2.0717662            1.1961348            5.9727987
