4
         -17.9345785
         268.4764889          268.4764889          271.8082989            0.0000000            0.0000000           -0.0000000
           3.6699858            0.0000000            0.0000000
          -1.8349929            3.1783009            0.0000000
           0.0000000            0.0000000            6.0540649
0           -0.0000000            2.1188673            0.0000000
0            1.8349929            1.0594336            3.0270325
1           -0.0000000            2.1188673            2.2631606
1            1.8349929            1.0594336            5.2901931
