4
         -19.0716557
          52.2816150           52.2816150           52.9114574            0.0000000           -0.0000000            0.0000000
           3.8672969            0.0000000            0.0000000
          -1.9336484            3.3491773            0.0000000
           0.0000000            0.0000000            6.3795523
0           -0.0000000            2.2327849            0.0000000
0            1.9336485            1.1163924            3.1897761
1           -0.0000000            2.2327849            2.3848359
1            1.9336485            1.1163924            5.5746121
