4
         -18.4960049
         -94.8285446          -94.8285446          -95.4186260            0.0000000            0.0000000           -0.0000000
           4.2224568            0.0000000            0.0000000
          -2.1112284            3.6567549            0.0000000
           0.0000000            0.0000000            6.9654295
0           -0.0000000            2.4378366            0.0000000
0            2.1112284            1.2189183            3.4827148
1           -0.0000000            2.4378366            2.6038515
1            2.1112284            1.2189183            6.0865663
