4
         -18.1203216
        -105.9310162         -105.9310162         -106.2397022            0.0000000           -0.0000000            0.0000000
           4.3013812            0.0000000            0.0000000
          -2.1506906            3.7251054            0.0000000
           0.0000000            0.0000000            7.0956245
0           -0.0000000            2.4834036            0.0000000
0            2.1506906            1.2417018            3.5478122
1           -0.0000000            2.4834036            2.6525216
1            2.1506906            1.2417018            6.2003338
