4
         -17.9130919
        -109.7857553         -109.7857553         -109.9939417            0.0000000            0.0000000           -0.0000000
           4.3408434            0.0000000            0.0000000
          -2.1704217            3.7592807            0.0000000
           0.0000000            0.0000000            7.1607220
0           -0.0000000            2.5061871            0.0000000
0            2.1704217            1.2530935            3.5803610
1           -0.0000000            2.5061871            2.6768567
1            2.1704217            1.2530935            6.2572176
