0 0 0 0 0
10.86 10.86 10.86
0 0 0 0 0
10.86 10.86 10.86
0 0 0 0 0
10.86 10.86 10.86
0 0 0 0 0
10.86 10.86 10.86
0 0 0 0 0
10.86 10.86 10.86
0    -279.6600720000      0.0000000000      0.0000000000      0.0000000000
     10.0520000000     10.0520000000     10.0520000000
0    -271.1290000000      0.0000000000      0.0000000000      0.0000000000
     12.2296000000     12.2296000000      6.1148000000
0    -270.4431600000      0.0000000000      0.0000000000      0.0000000000
     15.3308000000      7.6654000000      7.6654000000
0    -277.2690000000      0.0000000000      0.0000000000      0.0000000000
     15.3930656000     26.6615717034     38.4826640000
0    -249.3733200000    327.8464000000    327.8464000000    327.8464000000
      9.7844100000      9.7844100000      9.7844100000
0    -259.5178960000    284.9340800000    284.9340800000    284.9340800000
      9.8931260000      9.8931260000      9.8931260000
0    -268.1834560000    244.2260000000    244.2260000000    244.2260000000
     10.0018420000     10.0018420000     10.0018420000
0    -275.4754720000    205.9756800000    205.9756800000    205.9756800000
     10.1105580000     10.1105580000     10.1105580000
0    -281.5019440000    170.0540800000    170.0540800000    170.0540800000
     10.2192720000     10.2192720000     10.2192720000
0    -286.3625840000    136.4908800000    136.4908800000    136.4908800000
     10.3279880000     10.3279880000     10.3279880000
0    -288.3858400000    120.5476000000    120.5476000000    120.5476000000
     10.3823460000     10.3823460000     10.3823460000
0    -290.1530080000    105.1458400000    105.1458400000    105.1458400000
     10.4367040000     10.4367040000     10.4367040000
0    -291.6751280000     90.2745600000     90.2745600000     90.2745600000
     10.4910620000     10.4910620000     10.4910620000
0    -292.9628320000     75.9144000000     75.9144000000     75.9144000000
     10.5454200000     10.5454200000     10.5454200000
0    -294.0264000000     62.0644800000     62.0644800000     62.0644800000
     10.5997780000     10.5997780000     10.5997780000
0    -294.8758400000     48.7104800000     48.7104800000     48.7104800000
     10.6541360000     10.6541360000     10.6541360000
0    -295.1578080000     43.5040800000     43.5040800000     43.5040800000
     10.6758780000     10.6758780000     10.6758780000
0    -295.4076880000     38.3735200000     38.3735200000     38.3735200000
     10.6976220000     10.6976220000     10.6976220000
0    -295.6260400000     33.3193600000     33.3193600000     33.3193600000
     10.7193660000     10.7193660000     10.7193660000
0    -295.8134320000     28.3403200000     28.3403200000     28.3403200000
     10.7411080000     10.7411080000     10.7411080000
0    -295.9704800000     23.4346400000     23.4346400000     23.4346400000
     10.7628520000     10.7628520000     10.7628520000
0    -296.0377920000     21.0100000000     21.0100000000     21.0100000000
     10.7737220000     10.7737220000     10.7737220000
0    -296.0977360000     18.6031200000     18.6031200000     18.6031200000
     10.7845940000     10.7845940000     10.7845940000
0    -296.1503600000     16.2143200000     16.2143200000     16.2143200000
     10.7954660000     10.7954660000     10.7954660000
0    -296.1957600000     13.8445600000     13.8445600000     13.8445600000
     10.8063380000     10.8063380000     10.8063380000
0    -296.2339920000     11.4929600000     11.4929600000     11.4929600000
     10.8172100000     10.8172100000     10.8172100000
0    -296.2651120000      9.1585600000      9.1585600000      9.1585600000
     10.8280800000     10.8280800000     10.8280800000
0    -296.2892160000      6.8421600000      6.8421600000      6.8421600000
     10.8389520000     10.8389520000     10.8389520000
0    -296.3063520000      4.5436800000      4.5436800000      4.5436800000
     10.8498240000     10.8498240000     10.8498240000
0    -296.3165920000      2.2622400000      2.2622400000      2.2622400000
     10.8606960000     10.8606960000     10.8606960000
0    -296.3200000000     -0.0005600000     -0.0005600000     -0.0005600000
     10.8715680000     10.8715680000     10.8715680000
0    -296.3166480000     -2.2453600000     -2.2453600000     -2.2453600000
     10.8824380000     10.8824380000     10.8824380000
0    -296.3066080000     -4.4727200000     -4.4727200000     -4.4727200000
     10.8933100000     10.8933100000     10.8933100000
0    -296.2899280000     -6.6839200000     -6.6839200000     -6.6839200000
     10.9041820000     10.9041820000     10.9041820000
0    -296.2666880000     -8.8778400000     -8.8778400000     -8.8778400000
     10.9150540000     10.9150540000     10.9150540000
0    -296.2369440000    -11.0533600000    -11.0533600000    -11.0533600000
     10.9259240000     10.9259240000     10.9259240000
0    -296.2007600000    -13.2124000000    -13.2124000000    -13.2124000000
     10.9367960000     10.9367960000     10.9367960000
0    -296.1582000000    -15.3544000000    -15.3544000000    -15.3544000000
     10.9476680000     10.9476680000     10.9476680000
0    -296.1093360000    -17.4795200000    -17.4795200000    -17.4795200000
     10.9585400000     10.9585400000     10.9585400000
0    -296.0542320000    -19.5871200000    -19.5871200000    -19.5871200000
     10.9694120000     10.9694120000     10.9694120000
0    -295.9929440000    -21.6781600000    -21.6781600000    -21.6781600000
     10.9802820000     10.9802820000     10.9802820000
0    -295.8520480000    -25.8094400000    -25.8094400000    -25.8094400000
     11.0020260000     11.0020260000     11.0020260000
0    -295.6871760000    -29.8748800000    -29.8748800000    -29.8748800000
     11.0237680000     11.0237680000     11.0237680000
0    -295.4987760000    -33.8747200000    -33.8747200000    -33.8747200000
     11.0455120000     11.0455120000     11.0455120000
0    -295.2873440000    -37.8100800000    -37.8100800000    -37.8100800000
     11.0672560000     11.0672560000     11.0672560000
0    -295.0533760000    -41.6792000000    -41.6792000000    -41.6792000000
     11.0889980000     11.0889980000     11.0889980000
0    -294.3727600000    -51.0761600000    -51.0761600000    -51.0761600000
     11.1433560000     11.1433560000     11.1433560000
0    -293.5611520000    -60.0830400000    -60.0830400000    -60.0830400000
     11.1977140000     11.1977140000     11.1977140000
0    -292.6253920000    -68.7109600000    -68.7109600000    -68.7109600000
     11.2520720000     11.2520720000     11.2520720000
0    -291.5721200000    -76.9675200000    -76.9675200000    -76.9675200000
     11.3064300000     11.3064300000     11.3064300000
0    -290.4077200000    -84.8612000000    -84.8612000000    -84.8612000000
     11.3607880000     11.3607880000     11.3607880000
0    -289.1384000000    -92.4009600000    -92.4009600000    -92.4009600000
     11.4151460000     11.4151460000     11.4151460000
0    -286.3086640000   -106.4536800000   -106.4536800000   -106.4536800000
     11.5238620000     11.5238620000     11.5238620000
0    -283.1283120000   -119.1923200000   -119.1923200000   -119.1923200000
     11.6325760000     11.6325760000     11.6325760000
0    -279.6394160000   -130.6888000000   -130.6888000000   -130.6888000000
     11.7412920000     11.7412920000     11.7412920000
0    -275.8811520000   -141.0100000000   -141.0100000000   -141.0100000000
     11.8500080000     11.8500080000     11.8500080000
0    -271.8896720000   -150.2263200000   -150.2263200000   -150.2263200000
     11.9587240000     11.9587240000     11.9587240000
0    -274.7880720000    211.9960000000    211.9960000000    147.6939200000
      9.7844100000      9.7844100000     10.8715680000
0    -279.1951040000    187.9514400000    187.9514400000    127.7164800000
      9.8931260000      9.8931260000     10.8715680000
0    -283.0373840000    164.4419200000    164.4419200000    109.0664800000
     10.0018420000     10.0018420000     10.8715680000
0    -286.3424480000    142.0334400000    142.0334400000     91.3813600000
     10.1105580000     10.1105580000     10.8715680000
0    -289.1361440000    119.6752800000    119.6752800000     75.2464000000
     10.2192720000     10.2192720000     10.8715680000
0    -291.4341840000     97.8463200000     97.8463200000     60.3430400000
     10.3279880000     10.3279880000     10.8715680000
0    -292.4044720000     87.1511200000     87.1511200000     53.3145600000
     10.3823460000     10.3823460000     10.8715680000
0    -293.2592800000     76.6587200000     76.6587200000     46.5229600000
     10.4367040000     10.4367040000     10.8715680000
0    -294.0016320000     66.3737600000     66.3737600000     39.9637600000
     10.4910620000     10.4910620000     10.8715680000
0    -294.6348960000     56.2356800000     56.2356800000     33.5733600000
     10.5454200000     10.5454200000     10.8715680000
0    -295.1623520000     46.3572000000     46.3572000000     27.4584800000
     10.5997780000     10.5997780000     10.8715680000
0    -295.5870400000     36.6844800000     36.6844800000     21.5590400000
     10.6541360000     10.6541360000     10.8715680000
0    -295.7287760000     32.8720000000     32.8720000000     19.2603200000
     10.6758780000     10.6758780000     10.8715680000
0    -295.8548560000     29.0911200000     29.0911200000     16.9920800000
     10.6976220000     10.6976220000     10.8715680000
0    -295.9653920000     25.3424800000     25.3424800000     14.7563200000
     10.7193660000     10.7193660000     10.8715680000
0    -296.0605760000     21.6264800000     21.6264800000     12.5537600000
     10.7411080000     10.7411080000     10.8715680000
0    -296.1406080000     17.9416000000     17.9416000000     10.3826400000
     10.7628520000     10.7628520000     10.8715680000
0    -296.1749920000     16.1116800000     16.1116800000      9.3094400000
     10.7737220000     10.7737220000     10.8715680000
0    -296.2056640000     14.2894400000     14.2894400000      8.2439200000
     10.7845940000     10.7845940000     10.8715680000
0    -296.2326400000     12.4754400000     12.4754400000      7.1860800000
     10.7954660000     10.7954660000     10.8715680000
0    -296.2559440000     10.6696000000     10.6696000000      6.1364000000
     10.8063380000     10.8063380000     10.8715680000
0    -296.2756080000      8.8714400000      8.8714400000      5.0943200000
     10.8172100000     10.8172100000     10.8715680000
0    -296.2916400000      7.0812000000      7.0812000000      4.0600800000
     10.8280800000     10.8280800000     10.8715680000
0    -296.3040720000      5.2988800000      5.2988800000      3.0333600000
     10.8389520000     10.8389520000     10.8715680000
0    -296.3129280000      3.5245600000      3.5245600000      2.0147200000
     10.8498240000     10.8498240000     10.8715680000
0    -296.3182320000      1.7580000000      1.7580000000      1.0033600000
     10.8606960000     10.8606960000     10.8715680000
0    -296.3200000000     -0.0001600000     -0.0001600000     -0.0001600000
     10.8715680000     10.8715680000     10.8715680000
0    -296.3182640000     -1.7503200000     -1.7503200000     -0.9961600000
     10.8824380000     10.8824380000     10.8715680000
0    -296.3130400000     -3.4924000000     -3.4924000000     -1.9844800000
     10.8933100000     10.8933100000     10.8715680000
0    -296.3043520000     -5.2267200000     -5.2267200000     -2.9654400000
     10.9041820000     10.9041820000     10.8715680000
0    -296.2922320000     -6.9538400000     -6.9538400000     -3.9391200000
     10.9150540000     10.9150540000     10.8715680000
0    -296.2766880000     -8.6725600000     -8.6725600000     -4.9051200000
     10.9259240000     10.9259240000     10.8715680000
0    -296.2577440000    -10.3832000000    -10.3832000000     -5.8640000000
     10.9367960000     10.9367960000     10.8715680000
0    -296.2354320000    -12.0864000000    -12.0864000000     -6.8156000000
     10.9476680000     10.9476680000     10.8715680000
0    -296.2097680000    -13.7818400000    -13.7818400000     -7.7600800000
     10.9585400000     10.9585400000     10.8715680000
0    -296.1807760000    -15.4690400000    -15.4690400000     -8.6972000000
     10.9694120000     10.9694120000     10.8715680000
0    -296.1484880000    -17.1482400000    -17.1482400000     -9.6269600000
     10.9802820000     10.9802820000     10.8715680000
0    -296.0740640000    -20.4835200000    -20.4835200000    -11.4648800000
     11.0020260000     11.0020260000     10.8715680000
0    -295.9866880000    -23.7867200000    -23.7867200000    -13.2741600000
     11.0237680000     11.0237680000     10.8715680000
0    -295.8864800000    -27.0595200000    -27.0595200000    -15.0544000000
     11.0455120000     11.0455120000     10.8715680000
0    -295.7736960000    -30.3012800000    -30.3012800000    -16.8080800000
     11.0672560000     11.0672560000     10.8715680000
0    -295.6484880000    -33.5114400000    -33.5114400000    -18.5341600000
     11.0889980000     11.0889980000     10.8715680000
0    -295.2821200000    -41.4020800000    -41.4020800000    -22.7310400000
     11.1433560000     11.1433560000     10.8715680000
0    -294.8417600000    -49.1021600000    -49.1021600000    -26.7618400000
     11.1977140000     11.1977140000     10.8715680000
0    -294.3298240000    -56.6108000000    -56.6108000000    -30.6310400000
     11.2520720000     11.2520720000     10.8715680000
0    -293.7488240000    -63.9289600000    -63.9289600000    -34.3417600000
     11.3064300000     11.3064300000     10.8715680000
0    -293.1013920000    -71.0592800000    -71.0592800000    -37.9008000000
     11.3607880000     11.3607880000     10.8715680000
0    -292.3898800000    -78.0020000000    -78.0020000000    -41.3110400000
     11.4151460000     11.4151460000     10.8715680000
0    -290.7841040000    -91.3302400000    -91.3302400000    -47.7007200000
     11.5238620000     11.5238620000     10.8715680000
0    -288.9501040000   -103.9274400000   -103.9274400000    -53.5444000000
     11.6325760000     11.6325760000     10.8715680000
0    -286.9054480000   -115.8023200000   -115.8023200000    -58.8708800000
     11.7412920000     11.7412920000     10.8715680000
0    -284.6675520000   -126.9676000000   -126.9676000000    -63.7188800000
     11.8500080000     11.8500080000     10.8715680000
0    -282.2527920000   -137.4312000000   -137.4312000000    -68.1294400000
     11.9587240000     11.9587240000     10.8715680000
0    -289.8933680000     67.4706400000     67.4706400000    115.0420800000
     10.8715680000     10.8715680000      9.7844100000
0    -291.1046240000     58.9754400000     58.9754400000    105.5032800000
     10.8715680000     10.8715680000      9.8931260000
0    -292.1933440000     50.9733600000     50.9733600000     94.8748800000
     10.8715680000     10.8715680000     10.0018420000
0    -293.1572800000     43.2940800000     43.2940800000     84.3236800000
     10.8715680000     10.8715680000     10.1105580000
0    -293.9976800000     35.9938400000     35.9938400000     73.2842400000
     10.8715680000     10.8715680000     10.2192720000
0    -294.7105680000     29.0765600000     29.0765600000     61.8036800000
     10.8715680000     10.8715680000     10.3279880000
0    -295.0187120000     25.7743200000     25.7743200000     55.8853600000
     10.8715680000     10.8715680000     10.3823460000
0    -295.2939680000     22.5246400000     22.5246400000     49.7404800000
     10.8715680000     10.8715680000     10.4367040000
0    -295.5364000000     19.4243200000     19.4243200000     43.5920800000
     10.8715680000     10.8715680000     10.4910620000
0    -295.7457840000     16.4081600000     16.4081600000     37.4176800000
     10.8715680000     10.8715680000     10.5454200000
0    -295.9222160000     13.4748800000     13.4748800000     31.2216000000
     10.8715680000     10.8715680000     10.5997780000
0    -296.0660720000     10.6216000000     10.6216000000     25.0076800000
     10.8715680000     10.8715680000     10.6541360000
0    -296.1145280000      9.5027200000      9.5027200000     22.5170400000
     10.8715680000     10.8715680000     10.6758780000
0    -296.1578160000      8.3962400000      8.3962400000     20.0232000000
     10.8715680000     10.8715680000     10.6976220000
0    -296.1959840000      7.3028800000      7.3028800000     17.5260800000
     10.8715680000     10.8715680000     10.7193660000
0    -296.2289760000      6.2220800000      6.2220800000     15.0278400000
     10.8715680000     10.8715680000     10.7411080000
0    -296.2568560000      5.1535200000      5.1535200000     12.5267200000
     10.8715680000     10.8715680000     10.7628520000
0    -296.2688720000      4.6240800000      4.6240800000     11.2761600000
     10.8715680000     10.8715680000     10.7737220000
0    -296.2796240000      4.0980000000      4.0980000000     10.0251200000
     10.8715680000     10.8715680000     10.7845940000
0    -296.2891040000      3.5748000000      3.5748000000      8.7732800000
     10.8715680000     10.8715680000     10.7954660000
0    -296.2973040000      3.0546400000      3.0546400000      7.5209600000
     10.8715680000     10.8715680000     10.8063380000
0    -296.3042480000      2.5379200000      2.5379200000      6.2683200000
     10.8715680000     10.8715680000     10.8172100000
0    -296.3099200000      2.0241600000      2.0241600000      5.0153600000
     10.8715680000     10.8715680000     10.8280800000
0    -296.3143280000      1.5133600000      1.5133600000      3.7620800000
     10.8715680000     10.8715680000     10.8389520000
0    -296.3174800000      1.0057600000      1.0057600000      2.5080800000
     10.8715680000     10.8715680000     10.8498240000
0    -296.3193680000      0.5011200000      0.5011200000      1.2540000000
     10.8715680000     10.8715680000     10.8606960000
0    -296.3200000000     -0.0001600000     -0.0001600000     -0.0001600000
     10.8715680000     10.8715680000     10.8715680000
0    -296.3193760000     -0.4986400000     -0.4986400000     -1.2546400000
     10.8715680000     10.8715680000     10.8824380000
0    -296.3175040000     -0.9940000000     -0.9940000000     -2.5092800000
     10.8715680000     10.8715680000     10.8933100000
0    -296.3143840000     -1.4861600000     -1.4861600000     -3.7640800000
     10.8715680000     10.8715680000     10.9041820000
0    -296.3100160000     -1.9751200000     -1.9751200000     -5.0196000000
     10.8715680000     10.8715680000     10.9150540000
0    -296.3044000000     -2.4612800000     -2.4612800000     -6.2750400000
     10.8715680000     10.8715680000     10.9259240000
0    -296.2975440000     -2.9443200000     -2.9443200000     -7.5305600000
     10.8715680000     10.8715680000     10.9367960000
0    -296.2894400000     -3.4244000000     -3.4244000000     -8.7866400000
     10.8715680000     10.8715680000     10.9476680000
0    -296.2801040000     -3.9016000000     -3.9016000000    -10.0431200000
     10.8715680000     10.8715680000     10.9585400000
0    -296.2695280000     -4.3758400000     -4.3758400000    -11.2992800000
     10.8715680000     10.8715680000     10.9694120000
0    -296.2577200000     -4.8468000000     -4.8468000000    -12.5554400000
     10.8715680000     10.8715680000     10.9802820000
0    -296.2304080000     -5.7798400000     -5.7798400000    -15.0684000000
     10.8715680000     10.8715680000     11.0020260000
0    -296.1982000000     -6.7008800000     -6.7008800000    -17.5809600000
     10.8715680000     10.8715680000     11.0237680000
0    -296.1610880000     -7.6099200000     -7.6099200000    -20.0941600000
     10.8715680000     10.8715680000     11.0455120000
0    -296.1191200000     -8.5072000000     -8.5072000000    -22.6068800000
     10.8715680000     10.8715680000     11.0672560000
0    -296.0723760000     -9.3930400000     -9.3930400000    -25.1216000000
     10.8715680000     10.8715680000     11.0889980000
0    -295.9342240000    -11.5560800000    -11.5560800000    -31.4015200000
     10.8715680000     10.8715680000     11.1433560000
0    -295.7661280000    -13.6452800000    -13.6452800000    -37.6773600000
     10.8715680000     10.8715680000     11.1977140000
0    -295.5685440000    -15.6637600000    -15.6637600000    -43.9461600000
     10.8715680000     10.8715680000     11.2520720000
0    -295.3416960000    -17.5388800000    -17.5388800000    -50.1355200000
     10.8715680000     10.8715680000     11.3064300000
0    -295.0858880000    -19.4153600000    -19.4153600000    -56.3832000000
     10.8715680000     10.8715680000     11.3607880000
0    -294.8015840000    -21.2242400000    -21.2242400000    -62.6177600000
     10.8715680000     10.8715680000     11.4151460000
0    -294.1486240000    -24.6387200000    -24.6387200000    -75.0348800000
     10.8715680000     10.8715680000     11.5238620000
0    -293.3855920000    -27.7895200000    -27.7895200000    -87.3687200000
     10.8715680000     10.8715680000     11.6325760000
0    -292.5153600000    -30.6832000000    -30.6832000000    -99.6019200000
     10.8715680000     10.8715680000     11.7412920000
0    -291.5409280000    -33.3282400000    -33.3282400000   -111.7172800000
     10.8715680000     10.8715680000     11.8500080000
0    -290.4653520000    -35.7315200000    -35.7315200000   -123.6973600000
     10.8715680000     10.8715680000     11.9587240000
