4
         -18.8039330
         -14.1691787          -14.1691787         -117.3526773            0.0000000            0.0000000            0.0000000
           3.9462213            0.0000000            0.0000000
          -1.9731106            3.4175279            0.0000000
           0.0000000            0.0000000            7.1607220
0           -0.0000000            2.2783519            0.0000000
0            1.9731107            1.1391760            3.5803610
1           -0.0000000            2.2783519            2.6768567
1            1.9731107            1.1391760            6.2572176
