4
         -19.1283357
          -4.9490275           -4.9490275          -49.7460897            0.0000000            0.0000000            0.0000000
           3.9462213            0.0000000            0.0000000
          -1.9731106            3.4175279            0.0000000
           0.0000000            0.0000000            6.7050396
0           -0.0000000            2.2783519            0.0000000
0            1.9731107            1.1391760            3.3525198
1           -0.0000000            2.2783519            2.5065112
1            1.9731107            1.1391760            5.8590311
