4
         -19.1573418
           1.7961588            1.7961588           20.3111482            0.0000000            0.0000000            0.0000000
           3.9462213            0.0000000            0.0000000
          -1.9731106            3.4175279            0.0000000
           0.0000000            0.0000000            6.4446498
0           -0.0000000            2.2783519            0.0000000
0            1.9731107            1.1391760            3.2223249
1           -0.0000000            2.2783519            2.4091710
1            1.9731107            1.1391760            5.6314959
