4
         -18.7001029
          17.2900385           17.2900385          233.4063153            0.0000000            0.0000000            0.0000000
           3.9462213            0.0000000            0.0000000
          -1.9731106            3.4175279            0.0000000
           0.0000000            0.0000000            5.9889674
0           -0.0000000            2.2783519            0.0000000
0            1.9731107            1.1391760            2.9944837
1           -0.0000000            2.2783519            2.2388256
1            1.9731107            1.1391760            5.2333093
