4
         -18.3912111
          23.3311585           23.3311585          324.3981672            0.0000000            0.0000000            0.0000000
           3.9462213            0.0000000            0.0000000
          -1.9731106            3.4175279            0.0000000
           0.0000000            0.0000000            5.8587725
0           -0.0000000            2.2783519            0.0000000
0            1.9731107            1.1391760            2.9293863
1           -0.0000000            2.2783519            2.1901555
1            1.9731107            1.1391760            5.1195417
