4
         -18.9737714
         -10.5077074          -10.5077074          -95.0815481            0.0000000           -0.0000000            0.0000000
           3.9462213            0.0000000            0.0000000
          -1.9731106            3.4175279            0.0000000
           0.0000000            0.0000000            6.9654295
0           -0.0000000            2.2783519            0.0000000
0            1.9731107            1.1391760            3.4827148
1           -0.0000000            2.2783519            2.6038515
1            1.9731107            1.1391760            6.0865663
