4
         -19.1056921
           5.6547473            5.6547473           67.3486294            0.0000000            0.0000000            0.0000000
           3.9462213            0.0000000            0.0000000
          -1.9731106            3.4175279            0.0000000
           0.0000000            0.0000000            6.3144548
0           -0.0000000            2.2783519            0.0000000
0            1.9731107            1.1391760            3.1572274
1           -0.0000000            2.2783519            2.3605009
1            1.9731107            1.1391760            5.5177283
