4
         -19.1621554
          -1.6869387           -1.6869387          -18.3723669            0.0000000           -0.0000000            0.0000000
           3.9462213            0.0000000            0.0000000
          -1.9731106            3.4175279            0.0000000
           0.0000000            0.0000000            6.5748447
0           -0.0000000            2.2783519            0.0000000
0            1.9731107            1.1391760            3.2874223
1           -0.0000000            2.2783519            2.4578411
1            1.9731107            1.1391760            5.7452635
