4
         -19.0634909
          -7.8671506           -7.8671506          -75.1528310            0.0000000           -0.0000000            0.0000000
           3.9462213            0.0000000            0.0000000
          -1.9731106            3.4175279            0.0000000
           0.0000000            0.0000000            6.8352346
0           -0.0000000            2.2783519            0.0000000
0            1.9731107            1.1391760            3.4176173
1           -0.0000000            2.2783519            2.5551814
1            1.9731107            1.1391760            5.9727987
