4
         -19.0213753
          -9.2160764           -9.2160764          -85.7561001            0.0000000            0.0000000            0.0000000
           3.9462213            0.0000000            0.0000000
          -1.9731106            3.4175279            0.0000000
           0.0000000            0.0000000            6.9003321
0           -0.0000000            2.2783519            0.0000000
0            1.9731107            1.1391760            3.4501660
1           -0.0000000            2.2783519            2.5795164
1            1.9731107            1.1391760            6.0296825
