4
         -18.9970777
           9.9259353            9.9259353          124.3475028            0.0000000            0.0000000            0.0000000
           3.9462213            0.0000000            0.0000000
          -1.9731106            3.4175279            0.0000000
           0.0000000            0.0000000            6.1842599
0           -0.0000000            2.2783519            0.0000000
0            1.9731107            1.1391760            3.0921299
1           -0.0000000            2.2783519            2.3118308
1            1.9731107            1.1391760            5.4039607
