4
         -18.8193128
          14.6770442           14.6770442          193.6166636            0.0000000            0.0000000            0.0000000
           3.9462213            0.0000000            0.0000000
          -1.9731106            3.4175279            0.0000000
           0.0000000            0.0000000            6.0540649
0           -0.0000000            2.2783519            0.0000000
0            1.9731107            1.1391760            3.0270325
1           -0.0000000            2.2783519            2.2631606
1            1.9731107            1.1391760            5.2901931
