4
         -18.9176930
          12.2247797           12.2247797          157.3289112            0.0000000           -0.0000000            0.0000000
           3.9462213            0.0000000            0.0000000
          -1.9731106            3.4175279            0.0000000
           0.0000000            0.0000000            6.1191624
0           -0.0000000            2.2783519            0.0000000
0            1.9731107            1.1391760            3.0595812
1           -0.0000000            2.2783519            2.2874957
1            1.9731107            1.1391760            5.3470769
