4
         -18.9213340
         -11.7607471          -11.7607471         -103.4029926            0.0000000           -0.0000000            0.0000000
           3.9462213            0.0000000            0.0000000
          -1.9731106            3.4175279            0.0000000
           0.0000000            0.0000000            7.0305270
0           -0.0000000            2.2783519            0.0000000
0            1.9731107            1.1391760            3.5152635
1           -0.0000000            2.2783519            2.6281865
1            1.9731107            1.1391760            6.1434501
