4
         -19.1379546
           3.6654074            3.6654074           42.6905154            0.0000000           -0.0000000           -0.0000000
           3.9462213            0.0000000            0.0000000
          -1.9731106            3.4175279            0.0000000
           0.0000000            0.0000000            6.3795523
0           -0.0000000            2.2783519            0.0000000
0            1.9731107            1.1391760            3.1897761
1           -0.0000000            2.2783519            2.3848359
1            1.9731107            1.1391760            5.5746121
