4
         -19.0592010
           7.7355880            7.7355880           94.4701069            0.0000000            0.0000000            0.0000000
           3.9462213            0.0000000            0.0000000
          -1.9731106            3.4175279            0.0000000
           0.0000000            0.0000000            6.2493573
0           -0.0000000            2.2783519            0.0000000
0            1.9731107            1.1391760            3.1246787
1           -0.0000000            2.2783519            2.3361658
1            1.9731107            1.1391760            5.4608445
