192
          15.1983279            0.0000000            0.0000000
          -7.5991639           13.1621380            0.0000000
           0.0000000            0.0000000           18.8588988
0            0.0164223            2.1928847           18.8355790           -0.0844151           -0.2155146           -0.1804602
0           -0.0088677            2.1898535            6.2718606            0.0735364            0.0803176            0.1992039
0            0.0226154            2.2262453           12.5959496           -0.0790736           -0.5711641           -0.3106208
0           -1.8991587            5.4844252            0.0200836           -0.1322614            0.1113509           -0.2574132
0           -1.9176781            5.5045279            6.2965748            0.1025214           -0.2254327           -0.1048932
0           -1.9064105            5.4880256           12.5720337            0.0602675            0.0706993           -0.0860288
0           -3.7995423            8.7746625           18.8588469            0.0582912           -0.2686549            0.3897856
0           -3.7862941            8.8068647            6.3106203           -0.0810197           -0.4159672           -0.5132201
0           -3.8340623            8.7809441           12.6018524            0.1383900           -0.1422687           -0.1145475
0           -5.7286909           12.0635332           18.8357115            0.5564394           -0.0489805           -0.0820482
0           -5.6974101           12.0627883            6.2862550            0.1530551            0.1251412           -0.3829034
0           -5.6744953           12.1074641           12.5641382           -0.3554460           -0.5588264            0.2075528
0            3.8004678            2.1932985           18.8564501            0.2386819            0.0918000            0.1722291
0            3.8010868            2.1930956            6.2651327           -0.0330154           -0.2078028            0.0781750
0            3.7786388            2.1870409           12.5370544            0.4401961            0.2613833            0.5960061
0            1.9088662            5.4799093            0.0061420           -0.2199883            0.1350091           -0.3316568
0            1.8903228            5.4780504            6.3321976            0.2369367            0.0678064           -0.4841108
0            1.8995414            5.4843344           12.5719605            0.0124608            0.2542462            0.2140517
0            0.0442512            8.7711178            0.0028666           -0.4351424            0.0407822            0.2661212
0           -0.0306922            8.8000606            6.2790132            0.6282719           -0.1208429            0.2664650
0            0.0071612            8.8201057           12.5664806           -0.1920972           -0.4858187           -0.2069475
0           -1.9238991           12.0616023            0.0002867            0.1817150           -0.0933201           -0.0117823
0           -1.8994112           12.0660908            6.2738027           -0.0321582            0.0704238           -0.3033651
0           -1.9099527           12.0263633           12.5559464            0.0223563            0.4792015            0.3650820
0            7.5929942            2.2042660           18.8133283            0.2317641           -0.0233061            0.3901134
0            7.6103184            2.1882366            6.2777434           -0.1930032            0.1170730           -0.1036356
0            7.5944396            2.1799869           12.5434841            0.1672940            0.1864093            0.0897599
0            5.6993331            5.4841546            0.0000019            0.0014148           -0.0950666           -0.1958943
0            5.7005407            5.4831365            6.2832053           -0.0127080           -0.0275590            0.0831979
0            5.6974409            5.5276154           12.5602723           -0.0599363           -0.5879308           -0.2310387
0            3.7995593            8.7745519            0.0001767            0.1224274            0.1095440           -0.1230931
0            3.8102391            8.7299108            6.2691800           -0.0277886            0.7855390            0.2858966
0            3.7988819            8.7630427           12.6156690            0.2867370            0.0735850           -0.9546293
0            1.9086788           12.0683791           18.8550553           -0.1497098            0.2279231           -0.0713828
0            1.9107266           12.0538955            6.3214308           -0.0973897            0.0781470           -0.9143830
0            1.8994141           12.0654797           12.5725019            0.0331499           -0.1011592            0.0982647
0           11.3987315            2.1928255            0.0162030            0.1958006            0.1742061           -0.1651014
0           11.3962471            2.1836162            6.2526962            0.1862298            0.2012809            0.1453482
0           11.4016804            2.1965874           12.5240164           -0.0334926           -0.0305367            0.5110040
0            9.4933853            5.4752220            0.0019828            0.2281384            0.1674870            0.0810387
0            9.4957709            5.4821222            6.2975315           -0.0146381            0.0098027           -0.1720405
0            9.5231037            5.4876381           12.5761015           -0.3170074            0.0247170           -0.1127814
0            7.5979033            8.7737516            0.0076565           -0.0570873            0.0292438            0.2744567
0            7.6434244            8.7946341            6.2904319           -0.5879120           -0.1724101           -0.1766887
0            7.5940366            8.7911602           12.5551372            0.1720181           -0.1456826            0.3384031
0            5.6975226           12.0644643            0.0082968            0.0488601            0.1155624           -0.2501051
0            5.6744142           12.0796276            6.2921654            0.6070888           -0.2306972            0.0795604
0            5.6874561           12.0602467           12.5815499            0.1994061           -0.1165994           -0.3488865
0            1.8860713            1.0988177            3.1282362            0.1046266           -0.0191965           -0.2667032
0            1.9262375            1.1247451            9.4409082           -0.3653613           -0.2430217           -0.1442582
0            1.9127171            1.0972581           15.7224408           -0.0683599            0.0774413           -0.1881762
0            0.0008032            4.3880177            3.1316046           -0.0890056           -0.1145589            0.2549180
0            0.0141658            4.4252489            9.4165706           -0.2779311           -0.5641459            0.3842360
0           -0.0173351            4.3802553           15.6957157            0.1511131            0.1308928            0.4130810
0           -1.9062487            7.6779256            3.1759872            0.1134253           -0.0140985           -0.1028514
0           -1.8895336            7.7009470            9.3997828            0.0435413           -0.3202085            0.5899810
0           -1.8941271            7.6788222           15.6812192            0.0799847           -0.0039835            0.5520660
0           -3.8153564           10.9874926            3.1026023            0.0480358           -0.2792919            0.2792294
0           -3.8001310           10.9677231            9.4431489            0.0717494            0.0308371           -0.2036371
0           -3.8063589           10.9703335           15.7502411            0.0564680           -0.1927087           -0.5429372
0            5.6998440            1.0996281            3.1504286           -0.0204716           -0.1065721           -0.3993564
0            5.6813210            1.1324432            9.4266126            0.0851574           -0.4957975            0.0827299
0            5.7053912            1.0972666           15.7303770           -0.0519907            0.1675680           -0.1679461
0            3.7976085            4.3972494            3.1279462           -0.0710770           -0.0936314            0.1695078
0            3.8310905            4.3785034            9.4121226           -0.4616840            0.1056465            0.1629163
0            3.7820242            4.3895474           15.7102726            0.1643487            0.1450363           -0.1063203
0            1.8993253            7.6773974            3.1517241            0.3161081           -0.0751631            0.1145708
0            1.8947054            7.6726966            9.4259886            0.0693965            0.1532082            0.0508835
0            1.9397509            7.7028430           15.7074796           -0.6737573           -0.0999356           -0.1994368
0            0.0029982           10.9620056            3.1281700           -0.0404251            0.2584515            0.2063143
0           -0.0385685           10.9864706            9.4161740            0.6012600           -0.0353677           -0.0705903
0            0.0075529           10.9391789           15.7210577           -0.0287179            0.3515310           -0.0850343
0            9.5134866            1.0823896            3.1395814           -0.1960237            0.3155619            0.1198195
0            9.4814680            1.1107049            9.4126384            0.2042209           -0.1094975            0.0407723
0            9.5060023            1.1167420           15.7481232           -0.2737663           -0.2279504           -0.6586976
0            7.6012296            4.3873427            3.1755278           -0.0311694           -0.0777765           -0.4594543
0            7.5991906            4.3856477            9.4720465            0.1193038           -0.0447017           -0.6707844
0            7.6103659            4.3986230           15.7313303           -0.0382951           -0.0983902           -0.6267919
0            5.6904561            7.6843747            3.1474106            0.2184080           -0.2576830            0.0301649
0            5.7118420            7.6761470            9.4157337           -0.1813983           -0.0322251           -0.0373586
0            5.6740325            7.7006264           15.7130338            0.1270963           -0.3564380           -0.3008299
0            3.7836664           10.9764701            3.1192402            0.2984441           -0.0130310            0.3325268
0            3.7927413           10.9893345            9.3991409           -0.0341638           -0.2917525            0.2749809
0            3.8101000           10.9595524           15.7298663            0.0016739            0.2128663           -0.2493917
0           13.2986426            1.1056693            3.1422586            0.1216765           -0.1411652           -0.1521768
0           13.2890649            1.1281286            9.4000808            0.1340619           -0.4615729            0.5085309
0           13.2624190            1.0676183           15.7155435            0.2190993            0.4216340           -0.3404595
0           11.3760351            4.3853610            3.1770576            0.2983906            0.0852321           -0.6742109
0           11.3995460            4.3886300            9.4381984            0.0420633            0.0646483           -0.0942386
0           11.4041832            4.3956739           15.7567172            0.1757243           -0.0597323           -0.7270843
0            9.5081472            7.6681535            3.1757969           -0.0051134            0.1239286           -0.3731262
0            9.4985113            7.6776448            9.4080792            0.1675190            0.1253429            0.2802318
0            9.5104868            7.6589094           15.7277669           -0.1586717            0.3345925            0.0921572
0            7.5578041           10.9945284            3.1488088            0.7342969           -0.1966248           -0.1706034
0            7.6015322           10.9697579            9.4504075            0.0839375            0.0467961           -0.5057665
0            7.6089621           10.9977384           15.7408903           -0.1872319           -0.3251095           -0.3689229
0           -0.0044004            2.1928459            2.3084354           -0.0344186            0.0548677            0.3012883
0            0.0012858            2.1810366            8.6454740            0.1852195            0.4506044           -0.1672960
0           -0.0025595            2.1983058           14.9219309           -0.1220840           -0.3588901            0.3036529
0           -1.8993322            5.4897049            2.3464774           -0.2102142           -0.0786084            0.3527115
0           -1.9039476            5.4924991            8.6371761           -0.0011287            0.0636955            0.0943406
0           -1.8722458            5.5052868           14.9029800           -0.5085839           -0.3139755            0.2202310
0           -3.7911677            8.7805581            2.3714019           -0.1188809           -0.0627247           -0.1915221
0           -3.7709342            8.7567346            8.6179891           -0.4374878            0.4339929            0.3747400
0           -3.7870014            8.7585218           14.9226432           -0.2743613            0.3052549            0.2738621
0           -5.6831154           12.0699009            2.3055918           -0.6267436            0.0365489            0.3130080
0           -5.6995299           12.0996363            8.6154720            0.0554890           -0.2902189            0.3946313
0           -5.7019948           12.0635904           14.9208963            0.1496023            0.1294941            0.0340278
0            3.7999878            2.1945396            2.3480725           -0.0523962            0.0281439            0.0454110
0            3.7913627            2.1935869            8.6274773            0.1353826            0.1707474           -0.2850546
0            3.8017297            2.2100718           14.9189576            0.0151550           -0.2403230           -0.1776638
0            1.8852667            5.4734669            2.3331194            0.1509649            0.2532875            0.2371062
0            1.8991460            5.4820148            8.6432251            0.3754520            0.0280009            0.2303319
0            1.8811047            5.5000040           14.9462234            0.1518728           -0.0589236           -0.2652113
0            0.0037965            8.7745285            2.3973634           -0.0433570           -0.1648649           -0.5251180
0           -0.0010616            8.7924140            8.6348172            0.1071147            0.0283226           -0.0873454
0           -0.0142214            8.7756628           14.8932018            0.4033278           -0.0860154            0.2786251
0           -1.9202538           12.0542818            2.3516832            0.3279792            0.2088632           -0.0681902
0           -1.8814866           12.0805254            8.5952118           -0.6181034            0.2001347            0.4723889
0           -1.9050369           12.0687070           14.9500678            0.1192874           -0.1621728           -0.2950026
0            7.5930822            2.1893862            2.3307737            0.1955533            0.0695674           -0.0073131
0            7.5673375            2.1859728            8.6058933            0.2520238            0.3459707            0.3346592
0            7.5944732            2.1935723           14.8770446            0.1115673            0.0685953            0.5488188
0            5.6997898            5.4796150            2.3455831            0.0989010            0.1178137            0.1037029
0            5.7000227            5.4820226            8.6446029            0.3108340            0.0233485           -0.1502908
0            5.7006156            5.4721907           14.8808464           -0.0520475            0.2995113            0.6018866
0            3.8341214            8.7832734            2.3444976           -0.5624703           -0.0604910            0.0472574
0            3.8057878            8.7633614            8.6396012           -0.0538078            0.1824357           -0.1565995
0            3.7833700            8.7984853           14.8962164            0.3607557           -0.0344882            0.5679417
0            1.9076661           12.0769070            2.3495748           -0.2192148           -0.1635870           -0.1814497
0            1.8970681           12.0680346            8.5881249           -0.2290422            0.0711822            1.0055172
0            1.9176796           12.0612601           14.9286927           -0.1851908            0.1410518            0.1339112
0           11.4079201            2.1975648            2.3489673           -0.1209862            0.0247686            0.1900907
0           11.4198830            2.2071875            8.6065956           -0.5108521            0.0393042            0.0309297
0           11.3758954            2.1863516           14.9008685            0.2150144            0.3025350           -0.0061454
0            9.4988717            5.4842542            2.3503155           -0.1242141           -0.0431646            0.0952904
0            9.5084332            5.4948317            8.6310600           -0.2003506           -0.2585427            0.2293982
0            9.5146036            5.4993883           14.9098819           -0.0291153           -0.3139561            0.2704724
0            7.6002540            8.7745439            2.3954796            0.0254080            0.1075632           -0.3312686
0            7.5934654            8.7670439            8.6244871            0.1976951            0.2606933            0.1124385
0            7.5931507            8.7782258           14.9235752            0.1337094            0.1391512            0.0714156
0            5.7022139           12.0652922            2.3356546           -0.4038408            0.2603234            0.1289717
0            5.7000659           12.0665434            8.6373207            0.0785308            0.1802549            0.0693892
0            5.6994324           12.0654437           14.9026499            0.0388967           -0.2241995            0.3292628
0            1.8888246            1.1075069            5.4540156            0.0752971           -0.1836139            0.3461369
0            1.9346318            1.0923124           11.7716590           -0.6388224            0.3138153           -0.0437227
0            1.9463332            1.0982447           18.0597197           -0.4796779           -0.0960128           -0.0166039
0            0.0007034            4.4033825            5.5177890           -0.1904301           -0.0987569           -0.2819862
0            0.0059680            4.3914272           11.8144125           -0.1001387            0.2317305           -0.5824567
0           -0.0149163            4.3837144           18.0772161            0.1947783            0.1483463           -0.2660585
0           -1.8748177            7.6912535            5.5224902           -0.5701957           -0.0879963           -0.1762400
0           -1.9363191            7.6966731           11.8037766            0.3622604            0.0727277           -0.4079480
0           -1.9042753            7.6895507           18.0801965            0.3458720           -0.0952707           -0.3072795
0           -3.7849530           10.9530935            5.4507392           -0.2123712            0.3749647            0.2044404
0           -3.8218777           10.9445927           11.8129464            0.1421322            0.2184364           -0.4251497
0           -3.7975622           10.9209298           18.0584085           -0.2958358            0.6186566            0.3112739
0            5.7108225            1.1027342            5.4647410           -0.0547370           -0.0701005            0.3808570
0            5.6939123            1.1138641           11.7924543           -0.1158009           -0.5233212           -0.2399025
0            5.6990598            1.0980573           18.0810439           -0.0852455           -0.0786206           -0.1914478
0            3.8025647            4.3726961            5.4987619           -0.1594408            0.3255786           -0.1258072
0            3.7799500            4.3781396           11.7680741            0.3087244            0.2379127           -0.0385407
0            3.7830859            4.3743813           18.0552952            0.2702911            0.1314155            0.0578401
0            1.9000114            7.6818724            5.5275987           -0.3045757           -0.1751922           -0.2979815
0            1.9064671            7.6973211           11.7799322           -0.1431253           -0.1883256            0.0291197
0            1.9137752            7.6848979           18.0310455            0.0984603           -0.2199532            0.3487491
0            0.0003771           10.9678348            5.4947776            0.1074387            0.2685691           -0.1887686
0            0.0025104           10.9792210           11.7575544            0.0046256            0.1904343            0.0185348
0           -0.0007856           10.9687019           18.0666151           -0.0004737            0.0142289            0.1095730
0            9.4976385            1.0976782            5.5098368            0.0098247           -0.3066790           -0.2611668
0            9.5057989            1.0830048           11.7937480           -0.1004825            0.0873256           -0.4622901
0            9.5239370            1.1241669           18.0543266           -0.2872410           -0.3076781            0.3986717
0            7.5979294            4.3838770            5.4951033            0.0322448            0.0271082            0.2494496
0            7.5992481            4.3875010           11.7836506            0.0306172            0.1045162            0.3595066
0            7.6228333            4.3994292           18.0475482           -0.4273028           -0.0096202            0.2468050
0            5.6997640            7.6782290            5.4927604            0.4688807           -0.0304327            0.0292333
0            5.7336468            7.6835698           11.7477670           -0.4738858            0.2944953            0.2179418
0            5.7035881            7.6788800           18.0469590           -0.0802389            0.0107073            0.2215913
0            3.8223031           10.9994672            5.4981094           -0.3970250           -0.7009787           -0.2215084
0            3.7924538           10.9596585           11.7789683           -0.0021905           -0.0611701           -0.1596485
0            3.8017753           10.9842800           18.0585314            0.0347719           -0.2620685            0.2193336
0           13.3028116            1.0756718            5.4844278           -0.0554648            0.2904951           -0.0423910
0           13.3016903            1.0909387           11.7938484            0.2959493            0.1539099           -0.3361645
0           13.2869401            1.0960189           18.0399324            0.1686732           -0.0282928            0.3602169
0           11.3899163            4.3920343            5.4719498            0.0442124           -0.0037919            0.5530459
0           11.3994071            4.3901096           11.7862952            0.0885871            0.0205158           -0.1643449
0           11.3987515            4.3873744           18.0668772            0.0609859            0.0028178            0.3935225
0            9.4989750            7.6779226            5.4936293            0.4095477           -0.0251507            0.3233267
0            9.4961168            7.6898603           11.7923327           -0.0963491           -0.1721214           -0.3462629
0            9.5006731            7.6861876           18.1021951           -0.0528436           -0.1890446           -0.3405455
0            7.6014833           10.9708954            5.4825876           -0.1839829            0.2498032            0.2206844
0            7.6157425           10.9592809           11.7658732           -0.0563196            0.4925092            0.3697369
0            7.5971567           10.9680701           18.0706920           -0.2314970           -0.0807336            0.0578542
