192
          15.1983279            0.0000000            0.0000000
          -7.5991639           13.1621380            0.0000000
           0.0000000            0.0000000           18.8588988
0           -0.0214691            2.1929737           18.8325174            0.3010746            0.0042474            0.2175770
0           -0.0133995            2.1784942            6.2919672            0.1034474           -0.0068502           -0.3132074
0           -0.0163073            2.2000160           12.6144488            0.1293587           -0.0052556           -0.4564337
0           -1.8978914            5.5060886           18.8530930           -0.0214187           -0.3233083           -0.2157734
0           -1.8985882            5.4894221            6.2643532            0.0400817           -0.2212504            0.2096151
0           -1.9210209            5.5029288           12.5699912            0.2105050            0.0710575            0.1344462
0           -3.8074152            8.7689346            0.0145525            0.0503193           -0.0310068           -0.0865678
0           -3.7944564            8.7871230            6.2703153           -0.2814254            0.1993703            0.2222076
0           -3.7950879            8.8217078           12.5751046           -0.1857398           -0.6143224            0.2457214
0           -5.6791263           12.0620078            0.0138632           -0.4098803            0.0981838           -0.1305534
0           -5.6811356           12.0540629            6.2804648           -0.2968256            0.3495803            0.2331519
0           -5.6994444           12.0651877           12.5724900            0.2000502           -0.0881924            0.1317697
0            3.7962961            2.1964818            0.0390585            0.0423763            0.1556505           -0.6168673
0            3.7991220            2.1945663            6.2991223            0.0288598            0.0544714           -0.0311291
0            3.7928604            2.1863660           12.5511891            0.1190851           -0.0471111            0.3416583
0            1.8638514            5.4854246           18.8273684            0.3038304            0.2130085            0.7580169
0            1.8900977            5.5122022            6.2958104            0.1719193           -0.4710275            0.0655448
0            1.8790159            5.4942911           12.6162236            0.4048005           -0.1689426           -0.8159939
0           -0.0108157            8.7653286           18.8461369            0.1207917            0.3622381            0.0282966
0            0.0069649            8.7782860            6.2732009           -0.4398354           -0.0381907           -0.0122417
0           -0.0002274            8.7761959           12.5443233            0.2250866            0.2101836            0.1180250
0           -1.9026445           12.0671903            0.0213420            0.2195263           -0.0490163           -0.4846643
0           -1.8877700           12.0810800            6.2425320           -0.2475474           -0.2421759            0.5988849
0           -1.8863688           12.0738986           12.5586265           -0.1880926           -0.2599291           -0.2879021
0            7.5757574            2.1831064           18.8196389            0.3647395            0.2184630            0.3806406
0            7.5900987            2.1721920            6.2980414            0.2015644            0.3038263            0.0827033
0            7.5937914            2.1948972           12.5358957            0.0018831            0.0069861            0.4027172
0            5.6990551            5.4846029           18.8518278            0.1201090            0.1265531            0.0447959
0            5.6957314            5.4875595            6.3060020            0.1328418            0.1390166           -0.3162437
0            5.6777612            5.4708929           12.5678568            0.2095627            0.0319898           -0.0018842
0            3.8012107            8.7650116           18.8478122           -0.4249318            0.2108031            0.3307997
0            3.8086715            8.7602415            6.2925888           -0.0447079            0.1452914           -0.1243086
0            3.7927743            8.7578597           12.5463086            0.3623442            0.3202149            0.5802240
0            1.8984252           12.0619124            0.0378081            0.2644356            0.2295465           -0.6551556
0            1.9134084           12.0766131            6.3328278           -0.0157232           -0.1929662           -0.9873848
0            1.8991579           12.0637556           12.5777285            0.3308034            0.0878117            0.0608609
0           11.3994959            2.2038568           18.8285889           -0.1295429           -0.4100284            0.5351825
0           11.3981844            2.1936152            6.2862544            0.0429501           -0.0946099            0.1444805
0           11.3955437            2.1765587           12.5767584           -0.0374570            0.2140551           -0.1511248
0            9.4987560            5.4847049            0.0005075            0.0466919            0.0048433            0.2839383
0            9.5052831            5.4683720            6.2584930            0.0428116            0.3111959            0.4700355
0            9.4954719            5.4839208           12.5700686            0.0822961           -0.0460820            0.0094288
0            7.6032798            8.7656896            0.0194679            0.0088341            0.0633628           -0.0389982
0            7.6085879            8.7693530            6.3319861           -0.1823513           -0.0176886           -0.8699590
0            7.6024714            8.7694374           12.5647801           -0.0622367            0.1444624            0.0619407
0            5.7087351           12.0721632           18.8329087           -0.1022343           -0.1480068            0.4960996
0            5.7217180           12.0609167            6.3069542           -0.0115081            0.1016009           -0.5891431
0            5.6966909           12.0636568           12.5881957            0.1614531           -0.0855534            0.3177775
0            1.8934071            1.0944892            3.1673722            0.0489930            0.1042046           -0.3785732
0            1.8993404            1.0978989            9.4088091           -0.1303973            0.0427813            0.4292225
0            1.8951790            1.1096006           15.7354061            0.1106051            0.1246638           -0.1760561
0            0.0004587            4.3884061            3.1439591           -0.0596416           -0.1851240           -0.0381424
0            0.0108325            4.3891778            9.4221206           -0.2606593            0.0099897            0.1602517
0           -0.0027163            4.3858843           15.7299642           -0.0863612            0.2257959           -0.2590915
0           -1.8721155            7.6893177            3.1413598           -0.5834046           -0.1710478           -0.1300202
0           -1.8974590            7.6760200            9.4321006           -0.1402495            0.0679194            0.0593220
0           -1.8931128            7.6400744           15.7318904           -0.0443829            0.9891888           -0.0359898
0           -3.8068678           10.9572684            3.1043475           -0.0222499            0.4668084            0.4956087
0           -3.7964450           10.9734553            9.4266205           -0.0612288           -0.1307643           -0.1379693
0           -3.7880457           10.9689294           15.6687406           -0.0570944           -0.0465136            0.7754697
0            5.7035280            1.0943865            3.1166880           -0.1764395            0.0266817            0.5530581
0            5.6969582            1.0789738            9.4267180            0.1819387            0.3040772           -0.0635437
0            5.7084591            1.1152019           15.7480099           -0.1005578           -0.5583366           -0.7181634
0            3.7996327            4.3872006            3.1464074            0.0092738           -0.0091541           -0.1037631
0            3.8086005            4.3989147            9.4506571           -0.0841308           -0.1056478           -0.3494668
0            3.8033698            4.3727531           15.7355817            0.1011669            0.0528560           -0.1954012
0            1.9041065            7.6825186            3.1913532           -0.0493702            0.1495800           -0.4382545
0            1.9348144            7.6522102            9.4529559           -0.5451475            0.2947520           -0.0822637
0            1.9204495            7.6863852           15.7066338           -0.2846752           -0.1497062           -0.0144641
0           -0.0113396           10.9340460            3.1641519            0.1124238            0.4477865           -0.4750997
0           -0.0045043           10.9706836            9.4230132            0.2772967           -0.2506439           -0.2657721
0           -0.0237092           10.9551402           15.7007127            0.1800061            0.2579812            0.0564185
0            9.4919823            1.0913291            3.1544186           -0.1536322           -0.1490611           -0.1077347
0            9.5327448            1.0666627            9.4335838           -0.2010569            0.1458942           -0.0041948
0            9.4937214            1.1071365           15.6991836            0.0868582           -0.2043952           -0.0584687
0            7.5981258            4.3881443            3.1429209           -0.1080587           -0.0943487            0.1400494
0            7.5904161            4.3802309            9.3817575            0.3458900            0.1507445            0.6087845
0            7.6028316            4.3851003           15.6952312            0.1497832           -0.0321533           -0.0053213
0            5.7005203            7.6765569            3.1298960            0.0531184            0.0789088           -0.0682550
0            5.6996317            7.6779975            9.4411144           -0.1189298            0.1404293            0.1100450
0            5.6920120            7.6940603           15.7409001            0.1274150           -0.1661673           -0.2154984
0            3.7836682           10.9953030            3.1170699            0.3192732           -0.2986492            0.4122784
0            3.7873978           10.9829813            9.3858327            0.4202007           -0.2818100            0.7200457
0            3.8001122           10.9705912           15.7202043           -0.0520134            0.0583328            0.0669332
0           13.2978121            1.0951458            3.1504367           -0.1385789            0.2287618           -0.4583918
0           13.2938828            1.0996030            9.4297830            0.2144146           -0.0512219            0.2478424
0           13.2997543            1.0965165           15.7127483           -0.0611811            0.1205789            0.1086451
0           11.3740820            4.3917779            3.1599869            0.5103017           -0.0720490           -0.2489730
0           11.4169530            4.3969068            9.3973591           -0.2211911            0.0227885            0.4959995
0           11.3881980            4.3973093           15.6824831            0.2286613           -0.1490104            0.6101227
0            9.5154855            7.6505956            3.1534178           -0.2733573            0.4134198            0.0576390
0            9.5008934            7.6760640            9.4108311           -0.0604738            0.1801896            0.5830106
0            9.4960156            7.6694251           15.7184048           -0.0704867            0.1928762           -0.1660526
0            7.5813626           10.9955251            3.1231270            0.4507548           -0.3648037            0.5278771
0            7.5755485           10.9525288            9.4162491            0.2232922            0.2057198            0.3169747
0            7.6133216           10.9815215           15.7223859            0.1937136           -0.1688202           -0.1426505
0           -0.0052060            2.1880874            2.3302778            0.0660373            0.0753932            0.0991196
0           -0.0025648            2.2006514            8.6135789           -0.0177237           -0.0902649            0.3191720
0           -0.0098249            2.2083350           14.9232770            0.0874739           -0.1293763            0.3461932
0           -1.8857784            5.4718259            2.3108884           -0.2943727            0.1936643            0.5717996
0           -1.9077120            5.4960443            8.6307358            0.3317378           -0.0637776           -0.1679879
0           -1.9049517            5.5272695           14.9445272            0.0829420           -0.9056247           -0.4121951
0           -3.8336586            8.8064559            2.3549682            0.5250001           -0.7382948           -0.0165277
0           -3.8014497            8.7739649            8.6412738            0.1081695            0.0536499           -0.2329819
0           -3.8009421            8.7720144           14.9248182            0.1313362           -0.1630128            0.0441698
0           -5.6957336           12.0722186            2.3519647           -0.1132396            0.0491887            0.0314559
0           -5.6985462           12.0654055            8.6449912           -0.1333378           -0.1152938           -0.1338388
0           -5.6682784           12.0969628           14.9316924           -0.3775858           -0.2063402           -0.1179650
0            3.8008272            2.1930084            2.3491695           -0.1123938           -0.0378808            0.3564891
0            3.7982995            2.1981128            8.6518225            0.1040977            0.0659307           -0.0669581
0            3.8208041            2.1705062           14.9309496           -0.2479638            0.2826644           -0.1658783
0            1.8922494            5.4946330            2.3919984            0.0772213            0.0047358           -0.6078954
0            1.8966977            5.4954315            8.6644248            0.2319216           -0.2691391           -0.3170449
0            1.9011980            5.4653462           14.8980964            0.0871448            0.1695967            0.8263798
0           -0.0034111            8.7758087            2.3299853            0.3060954           -0.1737252            0.1658795
0            0.0013625            8.7338125            8.6173686            0.2573657            0.3469283            0.2826349
0           -0.0038618            8.7812798           14.9116243            0.0600655           -0.3403445           -0.0467369
0           -1.9075614           12.0721058            2.3452095            0.1960910           -0.2150728            0.1784662
0           -1.8993455           12.0649743            8.6450325            0.0213147           -0.0753112           -0.4962879
0           -1.9114314           12.0610446           14.8814670            0.2388507            0.3569478            0.4089339
0            7.5907586            2.1791711            2.3591615            0.1711593            0.2072062           -0.4499226
0            7.6366651            2.1900248            8.6592225           -0.2649874           -0.3553283           -0.1916933
0            7.5892026            2.1737585           14.9286160            0.0991870            0.2958192           -0.4151377
0            5.6955229            5.4862174            2.3497754            0.0505600           -0.0731405           -0.0771200
0            5.7081399            5.4850832            8.6448871           -0.2277575            0.1248852           -0.0447182
0            5.7148684            5.4785336           14.9042050           -0.3244924            0.1834044            0.3369073
0            3.8067872            8.7784440            2.3533571           -0.1784029            0.0591768           -0.0454288
0            3.7642722            8.7736439            8.6307654            0.5908587            0.0046510            0.0620188
0            3.8017436            8.7946126           14.9194247            0.0880286           -0.1663202           -0.1691385
0            1.9004332           12.0640805            2.3359677           -0.4386656            0.0355114            0.5151188
0            1.9307728           12.0567680            8.6102071           -0.6326084            0.0616280            0.5704639
0            1.9038666           12.0611629           14.9317522           -0.2078877            0.0152343           -0.0731864
0           11.3610733            2.1919527            2.3635426            0.3716766            0.0367702           -0.2986930
0           11.3999111            2.2017070            8.6794732            0.0683886           -0.0696747           -0.5963692
0           11.3984418            2.1889600           14.9088477            0.0242981            0.0976852            0.1362738
0            9.5018924            5.4808910            2.3774144           -0.1768436           -0.0729017           -0.4445230
0            9.5111572            5.4992708            8.6422476           -0.1254707           -0.2555537           -0.3853703
0            9.5124255            5.4909594           14.9130819           -0.2708969           -0.0684158           -0.0254605
0            7.6078829            8.7813354            2.3759287            0.0867995           -0.0663898           -0.1132488
0            7.5983327            8.7718411            8.6157656           -0.0612279           -0.1305427            0.6448556
0            7.5972315            8.7760125           14.8911848           -0.0230262            0.0770893            0.4993389
0            5.7155276           12.0724503            2.3773765           -0.4545851            0.1181242           -0.6565490
0            5.6996244           12.0709603            8.6016267           -0.0582497            0.0448551            0.5446810
0            5.7026458           12.0672985           14.9631251            0.0362676           -0.0442918           -0.3468473
0            1.9086686            1.0991615            5.4897436           -0.1201399           -0.0592176            0.3129115
0            1.8874372            1.0886552           11.8076719           -0.1425644            0.1540153           -0.4617417
0            1.9017493            1.0969921           18.0701506            0.0085681            0.0163912            0.1801849
0            0.0081544            4.3682019            5.4895137           -0.0675457            0.1781186            0.0940468
0            0.0031713            4.3930744           11.7895212           -0.2338721            0.0281392           -0.0645520
0            0.0025577            4.3891052           18.0584467           -0.3454298           -0.0858270            0.0453785
0           -1.9414315            7.6651975            5.4966599            0.6347573            0.2462103           -0.1851833
0           -1.9217543            7.7158802           11.7870995            0.1477025           -0.3246643           -0.1759522
0           -1.8969506            7.6834461           18.0695396           -0.2233129            0.0567723            0.0064859
0           -3.8158007           11.0039122            5.4794726            0.4330182           -0.4298049           -0.2726135
0           -3.8104384           10.9365708           11.7536250            0.1851530            0.8655265            0.1733095
0           -3.8119457           10.9567416           18.0946200            0.3422118            0.0706958           -0.6326818
0            5.7048223            1.0952004            5.5130850           -0.1811132            0.2313741           -0.5057255
0            5.6961612            1.0918058           11.7662344           -0.0649163            0.0562001           -0.0027762
0            5.6969417            1.1033533           18.0291821           -0.3349111           -0.1918857            0.8003100
0            3.8104803            4.3863579            5.4822779           -0.1910741            0.0976255            0.2945196
0            3.8018646            4.3727460           11.7660385           -0.4159752            0.2018963            0.3963001
0            3.7836958            4.4175339           18.0909116            0.0421806           -0.3905230           -0.1051927
0            1.8973759            7.6823563            5.5175159            0.0732856            0.1470552           -0.0425209
0            1.9433774            7.6801473           11.7865211           -0.7413244           -0.2419740           -0.0011157
0            1.8798822            7.6838932           18.0675401            0.1807085           -0.0776348           -0.1911996
0           -0.0066167           10.9806234            5.4797221            0.4016841           -0.0975838            0.3862258
0            0.0300349           10.9968210           11.7554452           -0.2904224           -0.3294728            0.1767952
0            0.0400062           10.9787124           18.0549839           -0.5881269           -0.1205556            0.1023837
0            9.4866378            1.0929706            5.4891052            0.1428175            0.0030365            0.2247593
0            9.4994981            1.0963484           11.7683068            0.0176207           -0.1327431            0.1324690
0            9.4990253            1.0969110           18.0296628           -0.0616471           -0.0878608            0.3484330
0            7.6150880            4.3885840            5.5070930           -0.3776919           -0.2183433           -0.0966078
0            7.5975707            4.3985183           11.7780712           -0.0993828           -0.0090404           -0.3618804
0            7.6194763            4.4002503           18.0429345           -0.2995787           -0.1644806            0.0895514
0            5.6985319            7.6928872            5.4580950            0.1863212           -0.2247349            0.4736207
0            5.6999226            7.6775037           11.8237435            0.0417760           -0.1648761           -0.5292316
0            5.6748589            7.7026634           18.0984242            0.4686634           -0.3673596           -0.2566148
0            3.8266047           10.9648392            5.5050828           -0.2883772            0.0424778           -0.1679941
0            3.8242593           10.9550660           11.8120830           -0.3489579            0.1677005           -0.6915986
0            3.7969818           10.9629124           18.0666313           -0.0222187            0.0743982            0.1044096
0           13.3017034            1.0835695            5.4518253           -0.1308126            0.0422030            0.6418385
0           13.2958554            1.0829462           11.8134690            0.0581759            0.1160333           -0.3891449
0           13.2992975            1.0956573           18.0670896           -0.1585439            0.0407165           -0.2128862
0           11.3955241            4.3924336            5.4919438            0.1704978           -0.1712111            0.0786153
0           11.3987944            4.3862688           11.7765089           -0.0442872           -0.0881406           -0.1649584
0           11.3899006            4.3707017           18.1027020            0.1623408            0.4557691           -0.7235534
0            9.4960057            7.6779234            5.4962301            0.0632442           -0.0289280            0.0854858
0            9.5005080            7.6839176           11.8273576            0.1938027           -0.0204695           -0.7027134
0            9.5094050            7.6684825           18.0580747           -0.1610800            0.0779369            0.1005719
0            7.6169413           10.9622134            5.5129875           -0.0451001           -0.0694419           -0.2940008
0            7.6039491           10.9737028           11.8108008           -0.1519508           -0.0667243           -0.4510260
0            7.5988875           10.9628833           18.0663890            0.2540516           -0.0222986            0.0911858
