192
          15.1983279            0.0000000            0.0000000
          -7.5991639           13.1621380            0.0000000
           0.0000000            0.0000000           18.8588988
0            0.0018601            2.1920277           18.8494927           -0.1364518            0.0543671           -0.1707351
0           -0.0026469            2.1958619            6.2915400           -0.0912510           -0.1334151            0.1666624
0            0.0137381            2.2185384           12.5868051           -0.2348185           -0.4034908           -0.0415550
0           -1.8940769            5.4706171           18.8134665           -0.0940551            0.2766288            0.7308261
0           -1.9194622            5.4830587            6.3191508            0.3409281            0.0116484           -0.3121052
0           -1.8727715            5.4924009           12.5619649           -0.4847603           -0.1482973            0.0404847
0           -3.7959437            8.7786579            0.0376107           -0.1517125           -0.1913818           -0.2639720
0           -3.7562893            8.7752362            6.2804199           -0.5500471            0.1527958           -0.2499975
0           -3.8094578            8.7715266           12.6155462            0.0045363           -0.0833670           -0.6610403
0           -5.6984478           12.0219417           18.8479021           -0.0848693            0.7837846           -0.0348626
0           -5.7036067           12.0694411            6.2747168            0.2755984           -0.0656851           -0.0293711
0           -5.6973562           12.0668495           12.5693187           -0.1921683           -0.1430819            0.2321983
0            3.8034192            2.1992336            0.0021052            0.2142389            0.0921820            0.0242708
0            3.8050913            2.2084997            6.2667438           -0.0465601           -0.2033760            0.4181364
0            3.8058916            2.2069779           12.6120117           -0.0232185           -0.0530309           -0.6022630
0            1.8978242            5.4862734            0.0080164           -0.1783206            0.0128526           -0.0896455
0            1.8978021            5.4875786            6.2896187            0.1346240            0.2221271            0.0835118
0            1.9130747            5.4903738           12.5990784           -0.0696786            0.2143541           -0.5574966
0           -0.0009856            8.7743071            0.0009954           -0.3449215            0.0426147           -0.2333028
0           -0.0024152            8.7855743            6.2889739            0.0801383           -0.1461134            0.1665957
0           -0.0150677            8.7597207           12.5333614            0.0900519            0.3635751            0.5687201
0           -1.9012524           12.0647641           18.8392608            0.2478630           -0.0775700            0.2058092
0           -1.8994253           12.0648948            6.2837566           -0.0849307            0.0239960           -0.0335075
0           -1.9109201           12.0534622           12.5727614            0.1957626            0.1824262            0.1304366
0            7.6272577            2.2155903           18.8298872           -0.3440108           -0.2624526           -0.0338098
0            7.6115438            2.1862381            6.3259047           -0.1543778            0.2020971           -0.3271084
0            7.5831251            2.1948954           12.5713163            0.0815438           -0.0705802           -0.0304589
0            5.7096591            5.4833692           18.8532207           -0.1580293           -0.0891304            0.1293320
0            5.6917357            5.4727063            6.2663472            0.2461861            0.1734763            0.1750526
0            5.7055059            5.4806215           12.5415094            0.1736174            0.2706760            0.2607374
0            3.8008905            8.7772323            0.0036826           -0.1506586           -0.0618278            0.1236986
0            3.7914824            8.7715056            6.3076751            0.1673302           -0.0018228           -0.4430598
0            3.8191721            8.7920082           12.5385155            0.0084712           -0.1569257            0.6465178
0            1.8974210           12.0637032           18.8557565           -0.0545103            0.0578412           -0.2224785
0            1.8816512           12.0717797            6.2900766            0.4148903           -0.0571300           -0.0320484
0            1.8895566           12.0914971           12.5878553            0.0026688           -0.5493802           -0.0758881
0           11.3960161            2.1829819            0.0008554           -0.0685036            0.0293419           -0.1565417
0           11.3721994            2.2179519            6.2854837            0.4576056           -0.0865822           -0.0012114
0           11.4369498            2.1976667           12.5809688           -0.6532082           -0.4530260            0.0664425
0            9.5016668            5.4822754           18.8522589            0.0219473            0.2104995           -0.1197359
0            9.4928087            5.4811370            6.2974855           -0.0364173            0.1619845           -0.0594619
0            9.4859713            5.4827199           12.5320854            0.0716756           -0.3850186            0.7329866
0            7.6007774            8.7783995           18.8500664           -0.3886553            0.0504418            0.5000571
0            7.5823526            8.7669576            6.2478819            0.3792140            0.2074744            0.2357916
0            7.5991667            8.7747646           12.5725364           -0.0114719            0.1446644            0.0538067
0            5.6986612           12.0659149           18.8585502           -0.0018795            0.0013496            0.1101811
0            5.7187776           12.0487353            6.2725506           -0.3718672            0.1647939            0.5742753
0            5.7017136           12.0869316           12.5794492           -0.1607437           -0.2864763            0.1036284
0            1.9351218            1.0620437            3.1476752           -0.7653712            0.3849682            0.0401048
0            1.9102794            1.1040390            9.4338639            0.0847016           -0.0855042            0.0024190
0            1.9029220            1.1075886           15.7110491            0.0017364           -0.0590289            0.2272253
0            0.0128315            4.3898910            3.1785872           -0.2122072           -0.2451431           -0.2064851
0           -0.0007778            4.3736164            9.4109054           -0.0790133            0.3500154            0.2557999
0           -0.0189026            4.3959740           15.7068941            0.1737966           -0.0171474            0.0612290
0           -1.8960843            7.7051119            3.1538740            0.3460984           -0.4957624           -0.0913964
0           -1.9006119            7.7021500            9.4036208           -0.0639910           -0.0572239            0.3364451
0           -1.9042056            7.6721402           15.7203286           -0.0761640            0.1885886           -0.0810875
0           -3.7823945           10.9996811            3.1271715           -0.3497520           -0.4950714           -0.1745635
0           -3.8044454           10.9739518            9.4302332            0.0401215           -0.2021687           -0.0067124
0           -3.8041729           10.9654946           15.7479689           -0.1154213           -0.1073304           -0.0882120
0            5.7021662            1.0956827            3.1249133           -0.0510389            0.1610267            0.1112160
0            5.6962858            1.0966916            9.4716265            0.3366250           -0.4221476           -0.6790214
0            5.7150621            1.0631552           15.7296070           -0.2183884            0.4521781           -0.1943577
0            3.7655495            4.3856393            3.1496843            0.7289319           -0.0853386            0.1250538
0            3.8035551            4.3782488            9.4214183            0.1116754           -0.0003517            0.1548172
0            3.8190681            4.3914001           15.7359990           -0.0789643            0.0494657           -0.3702628
0            1.9026070            7.6826122            3.1379297           -0.0061238           -0.0789386           -0.0098021
0            1.8996016            7.6776646            9.4301592            0.1970259           -0.1209278            0.0637755
0            1.9157925            7.6679129           15.7437991           -0.3272761           -0.0144641           -0.3557576
0           -0.0107590           10.9585938            3.1264341            0.1893741           -0.0175560            0.2318052
0            0.0134596           10.9684434            9.4300461            0.0343767            0.0084931           -0.0932243
0           -0.0074609           10.9651999           15.7083788            0.4053789            0.1661871           -0.1890113
0            9.4988547            1.0942108            3.1785820           -0.1192026           -0.0529856           -0.5375637
0            9.5154801            1.1134712            9.4211518           -0.2047625           -0.3022889            0.1817808
0            9.4913403            1.0957115           15.6963169            0.1159324            0.0699857           -0.0093141
0            7.5923821            4.4011236            3.1073689            0.2548889           -0.3950996            0.3259740
0            7.6038587            4.3864133            9.4526090           -0.0422714            0.1936175           -0.5734137
0            7.5983293            4.3936437           15.7224319            0.0294150           -0.3548564           -0.1376069
0            5.6998080            7.6790336            3.1417699           -0.0296611           -0.0038187            0.1041322
0            5.7020204            7.6783803            9.4308860           -0.0250392           -0.0705539           -0.4317649
0            5.7038119            7.6710967           15.7253782            0.0276178            0.0841137           -0.0545245
0            3.8206345           10.9861778            3.1457275           -0.1998065           -0.1150535            0.0936565
0            3.7993737           10.9669631            9.4321288           -0.0269225           -0.0307798            0.0473487
0            3.8217765           10.9855576           15.7194601           -0.0504701           -0.2585792            0.0217778
0           13.3076436            1.0983834            3.1643508           -0.1376739           -0.0862860           -0.2742844
0           13.3297431            1.0887002            9.3924686           -0.4759081            0.1164061            0.4738166
0           13.3011001            1.0754102           15.6986627           -0.1310170            0.2837354            0.2177513
0           11.4041168            4.3763792            3.1329344           -0.0758634            0.1087955            0.0470261
0           11.4290530            4.3897535            9.4394221           -0.5323259           -0.1426043            0.1499647
0           11.4279577            4.3947921           15.7457361           -0.3499645           -0.0444906           -0.4295668
0            9.5226909            7.6521856            3.1506400            0.0105727            0.2961465           -0.0586125
0            9.5143399            7.6633292            9.4563548           -0.0762076            0.2643229           -0.2098891
0            9.5316145            7.6842385           15.7310755           -0.6663219           -0.2580256           -0.1272171
0            7.5985593           10.9670144            3.1430160            0.2742399            0.0426896            0.1729178
0            7.6198510           10.9642181            9.4360334           -0.0794631           -0.2323869           -0.1751732
0            7.6119302           10.9744720           15.7324537           -0.2249589           -0.3065930           -0.0787907
0           -0.0203245            2.1824895            2.3066896            0.5117241            0.1021937            0.7152799
0           -0.0033957            2.1914163            8.6475530            0.3539524           -0.0066241           -0.2360269
0           -0.0022120            2.2069127           14.9384743           -0.0170301           -0.1239420           -0.1123276
0           -1.8993207            5.4871735            2.3610391            0.1654439            0.0936834           -0.2698132
0           -1.9273702            5.5027422            8.6510447            0.5210690           -0.0289589            0.0262498
0           -1.8999285            5.4841217           14.9089869            0.0141814            0.1578752           -0.0066084
0           -3.7576557            8.7549891            2.3598281           -0.5576330            0.4934081            0.1854456
0           -3.7992730            8.7758903            8.6024290           -0.1199439            0.1206772            0.4099374
0           -3.8315833            8.7665440           14.9122416            0.6250521            0.2562336            0.4918610
0           -5.7041739           12.0710251            2.3208464            0.0584197           -0.3226214            0.2013844
0           -5.6908636           12.0642152            8.6066615           -0.0523923            0.1537189            0.3139290
0           -5.7241436           12.0528479           14.9428893            0.4708160            0.2919693           -0.2246004
0            3.7738240            2.1867065            2.3435614            0.4000929            0.1156122            0.0954289
0            3.8421350            2.1863725            8.6527115           -0.4349426            0.0331434           -0.3417242
0            3.8078942            2.2032237           14.9207484            0.1785330           -0.1629744            0.4319272
0            1.9094270            5.4656277            2.3677726           -0.3041011            0.3671753           -0.2046564
0            1.9201067            5.4695365            8.6310607           -0.2647459            0.1394906            0.0993038
0            1.8956355            5.4678370           14.9081381            0.1637064            0.1057294            0.5144788
0            0.0010465            8.7689008            2.3134598            0.0521187            0.0476912            0.4607917
0            0.0113127            8.7819697            8.6569240            0.0123405           -0.0634141           -0.3109443
0            0.0013850            8.7886470           14.9329483            0.0761645           -0.3585029           -0.3488533
0           -1.9009481           12.0646098            2.3503400            0.2110788            0.1513566           -0.3046484
0           -1.8858685           12.0261222            8.6360862           -0.1494243            0.5145728            0.0577592
0           -1.8988989           12.0596698           14.9526749           -0.1557691           -0.1804045           -0.4061989
0            7.5986078            2.1880046            2.3058425            0.1418485            0.0681303            0.3711680
0            7.6013407            2.2020171            8.6651963           -0.0604745           -0.1022024            0.0203452
0            7.6022905            2.1774562           14.9190436           -0.2011014            0.2269550            0.0163314
0            5.7254448            5.4911503            2.3498631           -0.6742288           -0.0663509           -0.0707798
0            5.6912725            5.4813607            8.6223764            0.1754651           -0.0025763            0.0959495
0            5.7287654            5.4855747           14.9206123           -0.3270917            0.0343608           -0.2500196
0            3.8047420            8.7942470            2.3770705           -0.0018919           -0.0830461           -0.3062502
0            3.8085414            8.7757642            8.6127827           -0.0997279           -0.0166177            0.5193440
0            3.7975603            8.7754077           14.9559620            0.1353413            0.0534984           -0.5393786
0            1.9046080           12.0478347            2.3349846           -0.0580957            0.2450631            0.2635034
0            1.9025915           12.0608241            8.6323380            0.0655579            0.2140171            0.0505483
0            1.9376808           12.0769433           14.9348102           -0.4475646           -0.2163750           -0.0894483
0           11.3937962            2.1884421            2.3423852            0.0538656           -0.1807108            0.2176421
0           11.3996251            2.1922873            8.6380800            0.3001822            0.1258521           -0.0798059
0           11.3834005            2.2035753           14.9412809            0.3221475           -0.0480406           -0.1355782
0            9.4995792            5.4842347            2.3442196            0.1100835           -0.1457996           -0.0925351
0            9.5064360            5.4977390            8.6411880            0.0730776           -0.3548686            0.1469861
0            9.4864099            5.4671452           14.9399008            0.3840617            0.1979170           -0.3286077
0            7.6066318            8.7735213            2.3939643            0.1624825           -0.1049750           -0.4975165
0            7.6016736            8.7436207            8.6115585            0.1528323            0.2649479            0.1083633
0            7.5988969            8.7758263           14.9237551            0.1587126           -0.0510348            0.1258351
0            5.7185686           12.0509653            2.3644256           -0.0992076            0.3368883           -0.2259388
0            5.7044637           12.0654925            8.6794710            0.1269410           -0.2607446           -0.6352214
0            5.7171646           12.0535601           14.9393718            0.0515815            0.0476937           -0.2533436
0            1.8856514            1.1028297            5.5203859            0.2131703           -0.0004837           -0.3243661
0            1.8994817            1.0904597           11.7977963            0.1379859            0.2590347           -0.0709360
0            1.9181785            1.1348540           18.0912039           -0.1650680           -0.7180495           -0.3508933
0            0.0262979            4.3767930            5.5342998           -0.4984879            0.1946526           -0.1953123
0           -0.0005104            4.3871120           11.7921022            0.3330452            0.1337295           -0.3386026
0           -0.0251413            4.3801272           18.0514167            0.5156219            0.0241719            0.0233984
0           -1.8963386            7.6791608            5.4909658            0.2663968           -0.1855737            0.0775654
0           -1.9016830            7.6763150           11.7769293           -0.2994900            0.0412389           -0.2112572
0           -1.9145194            7.6807346           18.0744649            0.0852563           -0.0315206           -0.1138689
0           -3.7973671           10.9701674            5.4537800            0.0148683            0.0250492            0.3582990
0           -3.8021445           10.9677139           11.7902538           -0.1035717           -0.1719947           -0.0947609
0           -3.8018963           10.9584627           18.1056564            0.1708504           -0.0733477           -0.3047076
0            5.7006939            1.1046628            5.4971295            0.1787882           -0.0211246           -0.1359135
0            5.6954868            1.1001572           11.7600966           -0.1657576           -0.0915444            0.7421916
0            5.7006802            1.0936640           18.0587862            0.1389833            0.1461578            0.2051815
0            3.7943942            4.3968845            5.5200230           -0.1087895           -0.0308482           -0.4216795
0            3.8138693            4.4027165           11.7785798           -0.2398990           -0.2106214           -0.0172089
0            3.7996394            4.3879896           18.0596037            0.0144624            0.0954044            0.2692364
0            1.9042195            7.6906405            5.4904729           -0.1605877           -0.1008357            0.0155018
0            1.9032852            7.7184548           11.7918299            0.1021184           -0.5095324           -0.1577610
0            1.8651713            7.7008600           18.0703426            0.5071639           -0.3429316            0.1938667
0            0.0100305           10.9682087            5.5090623           -0.2162406            0.0325802           -0.4017668
0           -0.0035593           10.9653358           11.7520186            0.0265053            0.0586853            0.4493292
0            0.0098897           10.9440071           18.0267734           -0.1330451            0.2662459            0.4407409
0            9.5076955            1.1012158            5.5040688           -0.2232259           -0.0485362            0.1327062
0            9.4688995            1.0754517           11.7790053            0.5053585            0.6027253           -0.0024459
0            9.4883786            1.0999432           18.0224223            0.2330060           -0.1277526            0.3268997
0            7.6046716            4.3930661            5.4800942           -0.0590184           -0.2736311           -0.0436917
0            7.6032313            4.3755962           11.7525568           -0.1258009            0.0181381            0.4132725
0            7.5932806            4.3925581           18.0479412            0.1655412            0.1225211            0.1642548
0            5.6974777            7.6777410            5.4948632           -0.2678359           -0.1254859           -0.1053016
0            5.7223731            7.6956195           11.7405848           -0.1805059           -0.2375026            0.4349880
0            5.6920246            7.6635403           18.0703616            0.0987726            0.1799651            0.0005662
0            3.8019326           10.9570201            5.4982782           -0.1111257            0.1679320            0.0259324
0            3.7964285           10.9723405           11.7876768           -0.0360977            0.3286860           -0.0450635
0            3.7992568           10.9653562           18.0569037            0.0507356            0.0714072            0.1615586
0           13.3024041            1.0840145            5.5026876           -0.2423712            0.2395250            0.1161020
0           13.2996499            1.0844097           11.7693257            0.3607818            0.3830900           -0.1468917
0           13.2986500            1.0974213           18.0644850            0.0333507           -0.0873136           -0.1331749
0           11.3915037            4.4156817            5.4877462           -0.0204401           -0.2243429           -0.0524898
0           11.3885714            4.3590852           11.8037442            0.3408898            0.4624464           -0.2518248
0           11.4165445            4.3830417           18.0606966           -0.2849723           -0.0709835            0.2688996
0            9.5136684            7.6723579            5.4916538            0.0480788            0.0804624            0.1351903
0            9.4831597            7.6489212           11.8076072            0.2605268            0.5294258           -0.2057703
0            9.4717659            7.7136786           18.0685472            0.5261494           -0.3987449            0.1252184
0            7.6022572           10.9962802            5.5006006            0.0840197           -0.4403848           -0.2403818
0            7.5767535           10.9773204           11.7801889            0.3292369           -0.0674891            0.0357425
0            7.5987033           10.9653410           18.0643750           -0.1605929           -0.0128292            0.0735365
