192
          15.1983279            0.0000000            0.0000000
          -7.5991639           13.1621380            0.0000000
           0.0000000            0.0000000           18.8588988
0            0.0302264            2.1960485           18.8394052           -0.4008898           -0.0876161            0.3782211
0           -0.0001446            2.1932501            6.3184343            0.1248071            0.0218326           -0.5429382
0            0.0013740            2.2025470           12.5322519           -0.3275853            0.0670375            0.5529389
0           -1.8992358            5.4818407            0.0046376            0.0066445            0.0095641            0.0427316
0           -1.8921067            5.4732419            6.2575770            0.2348583           -0.0069358            0.2412249
0           -1.8960804            5.4822167           12.5684610           -0.1198026           -0.2191737            0.1297695
0           -3.8288341            8.7778355            0.0032500            0.2047548           -0.1914777            0.0121224
0           -3.7896891            8.7746595            6.2896941           -0.3042577           -0.2145171           -0.0283237
0           -3.8039281            8.7769829           12.6106714           -0.0595496            0.1705493           -0.6152969
0           -5.6994511           12.0659179           18.8546542            0.0841905           -0.2988599            0.0177940
0           -5.6956136           12.0868904            6.2957693           -0.2167413           -0.1437129           -0.0696995
0           -5.6798017           12.0832274           12.5580354           -0.2768339           -0.3754045            0.2426023
0            3.8092369            2.2159360            0.0100158           -0.2128380           -0.4811906           -0.2948916
0            3.7745444            2.2090690            6.3047252            0.0981013           -0.3171728           -0.1436230
0            3.7840920            2.1679447           12.6091327           -0.0015365            0.1251488           -0.2824581
0            1.8587228            5.5074642            0.0090400            0.5673373           -0.3430708            0.1733417
0            1.9305123            5.4946996            6.2785783           -0.4511935            0.2386389            0.0387530
0            1.8888309            5.4710768           12.5786444            0.1456931            0.0096663            0.0368792
0            0.0320929            8.7632586            0.0178315           -0.6300280            0.1834275           -0.2996698
0           -0.0397592            8.7602667            6.2787098            0.3705757            0.2135212           -0.1113062
0           -0.0168481            8.7650597           12.5592417            0.0870172            0.1162128            0.1623665
0           -1.9163128           12.0441505            0.0209809           -0.0490422           -0.1281061           -0.2674096
0           -1.9183491           12.0747034            6.3151561            0.1674014           -0.0552899           -0.5693577
0           -1.9053517           12.1049393           12.5875905            0.3105932           -0.6393572           -0.4032640
0            7.6020194            2.2046157           18.8553090           -0.1056032           -0.0418161           -0.3481570
0            7.5937536            2.1996225            6.2878050            0.1395887           -0.0503145            0.0749471
0            7.5961939            2.1956389           12.5536979            0.1811817           -0.0263006            0.2660145
0            5.7004898            5.4712440            0.0112390            0.0192436            0.1427622           -0.4082537
0            5.7104091            5.4802671            6.2862603           -0.2719460            0.0574825            0.2618046
0            5.6972608            5.4895979           12.5767012            0.0721112           -0.1013222           -0.1697276
0            3.8102512            8.7538263           18.8152664           -0.3126978            0.1388673            0.3884840
0            3.7775710            8.7494944            6.2799925            0.4622652            0.2705883            0.2144054
0            3.7921736            8.7774706           12.5502746            0.2075045            0.0476725            0.3470945
0            1.8960794           12.0728526            0.0034844            0.0134799           -0.0005775           -0.1394252
0            1.8978625           12.0780175            6.3265957            0.2512000           -0.1673464           -0.5882364
0            1.8656351           12.0771183           12.5835794            0.4279606           -0.1061340           -0.0855053
0           11.4268598            2.1825370           18.8261767           -0.3673336            0.1544477            0.4325933
0           11.4121576            2.2029101            6.2596112           -0.1115085           -0.0124683            0.2321438
0           11.4001015            2.1953431           12.5769688            0.4725841            0.1695333           -0.0506189
0            9.5016005            5.5143588           18.8424127            0.0330299           -0.5879392            0.2220698
0            9.4969644            5.4877997            6.3290106            0.0281856            0.1941197           -0.2947290
0            9.4964274            5.4898254           12.5527378            0.1334127           -0.0174420            0.0426342
0            7.6058099            8.7555412           18.8498546            0.1865202            0.3387059            0.2484670
0            7.5916884            8.7727433            6.3202582            0.1875589            0.1356569           -0.7992202
0            7.5639091            8.7618323           12.5407022            0.6527294            0.1130774            0.2250965
0            5.6984259           12.0638816           18.8554225            0.1030139           -0.3200597           -0.0978540
0            5.7207062           12.0806221            6.2510358           -0.2345704           -0.0626555            0.3928846
0            5.7059224           12.0624876           12.5548636           -0.0301155           -0.0291540           -0.0358021
0            1.9211468            1.0577378            3.1474203           -0.3313097            0.5252708           -0.2266490
0            1.9267038            1.1197901            9.4478638           -0.3936881           -0.2296388           -0.0099783
0            1.8996826            1.0959849           15.7358412            0.2147431            0.2202319           -0.3260039
0           -0.0009978            4.3883166            3.1406390           -0.0179280           -0.0084550           -0.1201593
0            0.0178670            4.3911312            9.4638058           -0.1912779            0.0844661           -0.9176162
0           -0.0024236            4.3937795           15.6778355            0.1586832           -0.0536089            0.7880271
0           -1.8718552            7.7005937            3.1383506           -0.2478150           -0.2772162           -0.1751422
0           -1.8962134            7.6897425            9.4321390           -0.1117508           -0.2076726            0.1505611
0           -1.8781342            7.6791660           15.7191901           -0.4680503            0.0418345            0.1737225
0           -3.8286005           10.9632219            3.1468313            0.0961097           -0.0426833            0.1986375
0           -3.8016305           10.9707813            9.4081865           -0.0041582           -0.0265495            0.1880135
0           -3.8054215           10.9672956           15.7142319            0.0734146           -0.0259553           -0.2370836
0            5.6977243            1.0960095            3.1075067            0.1348234           -0.1417304            0.3941618
0            5.6932036            1.0940043            9.3974147            0.0750264            0.0744138            0.4843771
0            5.7013921            1.1339970           15.7337703            0.2572746           -0.3862869           -0.2118136
0            3.7961519            4.3858800            3.1871867            0.1916680           -0.1070558           -0.4496375
0            3.7911074            4.3889389            9.4469142            0.1878530            0.0080293            0.0883733
0            3.7797303            4.4041007           15.7256174            0.3537691           -0.0283620           -0.0320232
0            1.9318345            7.6845979            3.1717677           -0.3352465           -0.1528305           -0.5339534
0            1.9088898            7.6755082            9.4396221           -0.1797327           -0.0992378            0.1362913
0            1.9040983            7.6813432           15.7133384           -0.1210671           -0.0713938            0.0868626
0           -0.0275513           10.9282098            3.1499434            0.1979308            0.3770049           -0.2379873
0           -0.0001626           10.9707476            9.4586130           -0.0257194           -0.1674065           -0.8982981
0           -0.0039328           10.9747706           15.7079085           -0.1269069           -0.2515548            0.2868541
0            9.4701882            1.1244068            3.1526644            0.2085322           -0.4574286           -0.1697280
0            9.4898852            1.1098869            9.3826373            0.3549610           -0.2316699            0.6706214
0            9.5064165            1.1029069           15.7145448            0.0321180           -0.1181030            0.0169428
0            7.5731689            4.3994566            3.1821702            0.5533085           -0.2407561           -0.3306799
0            7.5668631            4.3800631            9.4324455            0.4413155            0.0094217            0.0001899
0            7.5910570            4.3700933           15.6908118            0.0484940            0.5107310            0.1236035
0            5.6892779            7.6825846            3.1509069           -0.2414275           -0.1928459           -0.2737626
0            5.7023919            7.6760864            9.4426495            0.1824315            0.1168208           -0.0727229
0            5.6971843            7.7088475           15.7365280            0.0395518           -0.4422186            0.0121607
0            3.8015946           10.9795119            3.1646090           -0.0296204           -0.1831330           -0.4060565
0            3.7955400           10.9657075            9.4560523           -0.0203285            0.0965449           -0.4235609
0            3.7859795           10.9473400           15.7026791            0.2120751            0.3067309            0.1106206
0           13.2752042            1.0923824            3.1501352            0.4046141            0.0094466           -0.2166443
0           13.2939452            1.0974014            9.4368817            0.0666888            0.2275091           -0.2553017
0           13.2811407            1.1043002           15.7441591            0.2462814           -0.1500626           -0.2524240
0           11.4045735            4.3885387            3.1326049           -0.0504963           -0.1083988            0.1330414
0           11.4032295            4.3891213            9.4340402            0.0028418           -0.1342402           -0.4521971
0           11.4012061            4.3861721           15.7169559            0.1965307            0.0159252            0.0237149
0            9.4911576            7.6927294            3.1564912            0.0033981           -0.0964756           -0.3817648
0            9.5134076            7.6968500            9.4048576           -0.2450271           -0.1520736           -0.0335563
0            9.4927080            7.6771496           15.6750535           -0.0273375           -0.2120846            0.3845751
0            7.6027258           10.9751777            3.1535319           -0.1656806           -0.1674309           -0.2305162
0            7.6055586           10.9653672            9.4293079           -0.2830609            0.1590754           -0.1533148
0            7.5912790           10.9851254           15.7004885            0.1381253           -0.3716506           -0.1825515
0           -0.0036064            2.1981650            2.3444934            0.1422975           -0.2761914            0.0482417
0           -0.0047375            2.2071879            8.6278511            0.1663928           -0.1333194            0.5210061
0            0.0052085            2.2044190           14.9223726           -0.1843016           -0.2515235           -0.2131495
0           -1.9043901            5.4862682            2.3443755            0.0649554            0.1494689            0.1844069
0           -1.9001015            5.4842638            8.6361398            0.1720748            0.0631085           -0.1079643
0           -1.8850763            5.4930276           14.9415685           -0.2718270           -0.0629008           -0.3535408
0           -3.7982931            8.7743423            2.3491772           -0.0150613            0.0119476            0.0899198
0           -3.8001736            8.7729173            8.6352344            0.2334637            0.0958283           -0.0821617
0           -3.8165044            8.7691423           14.9160897            0.3398431            0.0407492            0.3765693
0           -5.7073918           12.0642626            2.3518914           -0.0346036           -0.2468365           -0.1601470
0           -5.6983537           12.0693478            8.6338935           -0.0429049            0.2207268            0.1585665
0           -5.6956799           12.0765604           14.9248261           -0.0497475           -0.0333279           -0.1431887
0            3.8038936            2.1703781            2.3396669           -0.1449872            0.4109363            0.2487832
0            3.7961429            2.2066806            8.6340054            0.1319088            0.0528181            0.1114908
0            3.8232445            2.2265364           14.9251725           -0.3913424           -0.2505484            0.3750910
0            1.8968012            5.4912612            2.3691550            0.1378189           -0.0293559           -0.0324906
0            1.9113777            5.4771958            8.6243994           -0.0953299            0.1547522            0.1497672
0            1.9059974            5.4827274           14.9378880           -0.2013801            0.1606096           -0.2399538
0            0.0264826            8.7509535            2.3283394            0.0986042            0.0678572            0.4300842
0           -0.0049206            8.7565851            8.6165107            0.1890683            0.2687729            0.2676275
0           -0.0098158            8.7544330           14.9168186            0.2664567            0.3953029           -0.0843932
0           -1.9378809           12.0501182            2.3377861            0.2472421           -0.0272077            0.4326736
0           -1.9016614           12.0636794            8.6352685            0.0932604           -0.0741950            0.2102382
0           -1.9006404           12.0645273           14.9050714           -0.0642016            0.3192902            0.4248272
0            7.5941277            2.1938837            2.3109236           -0.0778591            0.3340404            0.4978602
0            7.6163880            2.1913060            8.6385536           -0.4507583            0.1227819           -0.1591939
0            7.6375487            2.2123068           14.9363885           -0.4196503           -0.4005690           -0.4078084
0            5.7305115            5.4769687            2.3198839           -0.5694653            0.1339449            0.6605884
0            5.7070774            5.4903229            8.6680555           -0.3491667           -0.0133632           -0.4099116
0            5.6879262            5.4928021           14.9050056            0.0118399            0.1502430            0.3592976
0            3.7733522            8.7754695            2.3242586            0.4493760            0.2318901            0.0396265
0            3.8034626            8.7684880            8.6645775           -0.0180526            0.0755272           -0.3671154
0            3.8000122            8.7735999           14.9258639           -0.0439603           -0.0649502           -0.2749726
0            1.9011708           12.0520978            2.3411060           -0.2828123            0.2371676            0.3592561
0            1.8967085           12.0649336            8.6312369           -0.0191091           -0.0748242            0.4552799
0            1.8913265           12.0642313           14.9429959            0.0448727            0.0479244           -0.2152654
0           11.4021687            2.1766641            2.3526687           -0.2702344            0.2362141           -0.2465507
0           11.4032594            2.1877415            8.6262549            0.0074226            0.1805171           -0.1504731
0           11.3926609            2.1974158           14.9261200            0.1351684            0.0092235           -0.0246355
0            9.5121621            5.4959442            2.3531804           -0.3370861           -0.0988064            0.0092502
0            9.4964998            5.4837277            8.6675749           -0.1201998           -0.0141702            0.0118798
0            9.5163831            5.4665084           14.9229517           -0.2453972            0.1394126           -0.2156989
0            7.5684147            8.7619974            2.3583749            0.3184787            0.2808903           -0.1379996
0            7.6020626            8.7772832            8.5959703           -0.0761513           -0.0097449            0.8620418
0            7.5919939            8.7493653           14.8994875           -0.0123586            0.4882920           -0.0254077
0            5.6991080           12.0657266            2.3318874            0.0077645           -0.0434182            0.2925305
0            5.6711159           12.0987044            8.6403210            0.3407356           -0.4956992           -0.2632990
0            5.6999361           12.0601163           14.8941300           -0.2462588            0.2098459            0.2596384
0            1.8985646            1.0994093            5.4734706           -0.0613378            0.0537987            0.3050535
0            1.8661344            1.0964936           11.8135265            0.4561642            0.0950462           -0.4326041
0            1.8752657            1.0733697           18.0639049            0.6341039            0.3098909            0.1051083
0            0.0417874            4.3729496            5.4739542           -0.2390980            0.1220948            0.2691399
0           -0.0049955            4.3865255           11.7402417            0.0511573            0.1252107            0.7408168
0           -0.0016612            4.3866958           18.1049034           -0.1101281            0.0080483           -0.8069391
0           -1.9160286            7.6733922            5.4753556            0.0108505           -0.0972748            0.0334299
0           -1.9116619            7.6637845           11.8036638           -0.0714556            0.1653216           -0.3143251
0           -1.9146331            7.6692581           18.0844756            0.2218143            0.2353299           -0.0690702
0           -3.8337960           10.9506427            5.5219203            0.3871205            0.2930333           -0.2732801
0           -3.7892621           10.9884147           11.7705802            0.0874436           -0.2094920            0.0127146
0           -3.7972134           10.9383531           18.0402683           -0.1182901            0.3530375            0.2638760
0            5.6922281            1.1297141            5.5034187           -0.1416974           -0.2907728           -0.2610058
0            5.6841775            1.0965259           11.8003469            0.0717296            0.2496456           -0.5232510
0            5.6999513            1.0561848           18.0746135           -0.0196999            0.4348331            0.0950931
0            3.7741304            4.3713277            5.5323204            0.5662115            0.2535851           -0.2413692
0            3.8058912            4.3615360           11.8120674           -0.1509981            0.1119253           -0.1682282
0            3.7984558            4.3898650           18.0668152           -0.2780337            0.2695109            0.1410214
0            1.8958470            7.6977385            5.4645130           -0.2756126           -0.1991334            0.5919077
0            1.9004070            7.6818249           11.8172568           -0.1567231           -0.2372021           -0.4067345
0            1.8709583            7.6681662           18.0738369            0.4688060            0.0872993           -0.3547123
0            0.0237978           10.9769355            5.4964639           -0.4485956           -0.0505751            0.1663276
0            0.0147882           10.9530586           11.7363442           -0.4451268            0.2305863            0.9024072
0           -0.0128809           10.9671656           18.0935782            0.1365262           -0.0475648           -0.2884934
0            9.4992642            1.0971495            5.5016534           -0.0535975            0.0792460           -0.0102074
0            9.5416098            1.1134608           11.7895470           -0.6138968           -0.1994941           -0.4807531
0            9.4948764            1.1099378           18.0500129            0.1522172           -0.0860839            0.1930837
0            7.6016133            4.3898063            5.5276130            0.1071572           -0.0081513           -0.1064637
0            7.6004913            4.3876102           11.7657588           -0.1073976            0.0428176            0.1955913
0            7.5970799            4.3992030           18.0396229            0.0894831           -0.0435531            0.1059231
0            5.7292723            7.6800844            5.4841589           -0.4464907           -0.0914865            0.2122096
0            5.7046130            7.6798274           11.7854194           -0.4247375           -0.1821419           -0.1695261
0            5.7199829            7.6877887           18.0999861           -0.1164444           -0.4081750           -0.3681990
0            3.8076080           10.9656945            5.4893922           -0.1147769            0.0218894            0.3686879
0            3.7995143           10.9690390           11.7704497           -0.2516309            0.2097560            0.4102588
0            3.7940420           10.9601460           18.0638461           -0.0196447            0.0865405           -0.0998468
0           13.3093168            1.1148198            5.4807458            0.0051210           -0.0646512            0.1031104
0           13.3131826            1.0838141           11.7520450           -0.2341250            0.1564079            0.3837294
0           13.3082993            1.0819466           18.0964772            0.2385434            0.1446455           -0.2899848
0           11.3925992            4.4025304            5.5007924           -0.0582799           -0.0551272           -0.2072333
0           11.3977202            4.3872586           11.7337303            0.0195721            0.0017740            0.6729578
0           11.4194596            4.3922959           18.0635147           -0.2710243           -0.0509379            0.0338654
0            9.4857947            7.6888801            5.4691585            0.1241209           -0.1292903            0.6004493
0            9.5085758            7.6845796           11.7351595           -0.1703463            0.0874690            0.4137067
0            9.5000292            7.6627407           18.0546005           -0.0615851            0.3053005           -0.3719387
0            7.6056075           10.9633980            5.4890000            0.1312670            0.0343541            0.1947135
0            7.6005483           10.9622799           11.7793068            0.1511457            0.0495291           -0.0147912
0            7.6107648           10.9595637           18.0389516           -0.1590242            0.0037038            0.2507110
