4
         -19.1421349
         -34.4758930          -48.4412393          -50.4497637            4.1194370            0.0000000            0.0000000
           4.1707741            0.0000000            0.0000000
          -2.1162056            3.6653755            0.0000000
           0.0000000            0.0000000            6.9541397
0           -0.0205457            2.4435837            0.0000000
0            2.0751142            1.2217918            3.4770699
1           -0.0205457            2.4435837            2.6032202
1            2.0751142            1.2217918            6.0802900
