4
         -19.0594249
         -43.3909874          -60.6422790          -62.9534236            5.1369470            0.0000000            0.0000000
           4.1913197            0.0000000            0.0000000
          -2.1367512            3.7009617            0.0000000
           0.0000000            0.0000000            7.0216556
0           -0.0273943            2.4673078            0.0000000
0            2.0819628            1.2336539            3.5108278
1           -0.0273943            2.4673078            2.6284942
1            2.0819628            1.2336539            6.1393220
