4
         -18.2201921
         -77.1124737         -104.4732381         -106.1466487            8.2943464            0.0000000            0.0000000
           4.3145938            0.0000000            0.0000000
          -2.2600253            3.9144787            0.0000000
           0.0000000            0.0000000            7.4267512
0           -0.0684856            2.6096525            0.0000000
0            2.1230541            1.3048262            3.7133756
1           -0.0684856            2.6096525            2.7801381
1            2.1230541            1.3048262            6.4935136
