4
         -19.2320275
          14.4647909           20.7231167           21.9409052           -1.7927970            0.0000000            0.0000000
           4.0885913            0.0000000            0.0000000
          -2.0340228            3.5230309            0.0000000
           0.0000000            0.0000000            6.6840760
0            0.0068485            2.3486872            0.0000000
0            2.0477200            1.1743436            3.3420380
1            0.0068485            2.3486872            2.5021242
1            2.0477200            1.1743436            5.8441623
