4
         -18.8005887
          91.3874597          133.7587128          143.6652840          -11.6303171            0.0000000            0.0000000
           4.0064086            0.0000000            0.0000000
          -1.9518401            3.3806862            0.0000000
           0.0000000            0.0000000            6.4140124
0            0.0342428            2.2537908            0.0000000
0            2.0203257            1.1268954            3.2070062
1            0.0342428            2.2537908            2.4010283
1            2.0203257            1.1268954            5.6080345
