4
         -18.8376414
         -58.0233120          -80.1871005          -82.7775897            6.6618428            0.0000000            0.0000000
           4.2324111            0.0000000            0.0000000
          -2.1778426            3.7721341            0.0000000
           0.0000000            0.0000000            7.1566875
0           -0.0410914            2.5147560            0.0000000
0            2.0956599            1.2573780            3.5783437
1           -0.0410914            2.5147560            2.6790421
1            2.0956599            1.2573780            6.2573859
