4
         -17.6150753
         209.4035984          312.6193250          341.4369064          -26.8249182            0.0000000            0.0000000
           3.9242258            0.0000000            0.0000000
          -1.8696573            3.2383415            0.0000000
           0.0000000            0.0000000            6.1439487
0            0.0616370            2.1588943            0.0000000
0            1.9929315            1.0794472            3.0719743
1            0.0616370            2.1588943            2.2999324
1            1.9929315            1.0794472            5.3719067
