4
         -19.2403720
         -12.8902132          -18.3178996          -19.2521999            1.5735304            0.0000000            0.0000000
           4.1296827            0.0000000            0.0000000
          -2.0751142            3.5942032            0.0000000
           0.0000000            0.0000000            6.8191079
0           -0.0068486            2.3961355            0.0000000
0            2.0614171            1.1980677            3.4095539
1           -0.0068486            2.3961355            2.5526722
1            2.0614171            1.1980677            5.9622262
