4
         -17.9975112
         175.1773835          260.2154872          283.0380045          -22.4412881            0.0000000            0.0000000
           3.9447715            0.0000000            0.0000000
          -1.8902030            3.2739277            0.0000000
           0.0000000            0.0000000            6.2114646
0            0.0547885            2.1826185            0.0000000
0            1.9997800            1.0913092            3.1057323
1            0.0547885            2.1826185            2.3252064
1            1.9997800            1.0913092            5.4309387
