4
         -18.9572365
         -51.1913363          -71.1347431          -73.6506476            5.9695419            0.0000000            0.0000000
           4.2118654            0.0000000            0.0000000
          -2.1572969            3.7365479            0.0000000
           0.0000000            0.0000000            7.0891716
0           -0.0342428            2.4910319            0.0000000
0            2.0888113            1.2455159            3.5445858
1           -0.0342428            2.4910319            2.6537681
1            2.0888113            1.2455159            6.1983539
