4
         -18.5854804
         116.4486668          171.2774951          184.7332093          -14.8706864            0.0000000            0.0000000
           3.9858629            0.0000000            0.0000000
          -1.9312944            3.3451000            0.0000000
           0.0000000            0.0000000            6.3464965
0            0.0410913            2.2300667            0.0000000
0            2.0134771            1.1150333            3.1732482
1            0.0410913            2.2300667            2.3757543
1            2.0134771            1.1150333            5.5490026
