4
         -17.1666883
         247.3465133          371.1563621          406.9711401          -31.6579495            0.0000000            0.0000000
           3.9036801            0.0000000            0.0000000
          -1.8491116            3.2027553            0.0000000
           0.0000000            0.0000000            6.0764328
0            0.0684856            2.1351702            0.0000000
0            1.9860829            1.0675851            3.0382164
1            0.0684856            2.1351702            2.2746584
1            1.9860829            1.0675851            5.3128748
