4
         -18.7025131
         -63.9563257          -87.9107140          -90.4265414            7.2344193            0.0000000            0.0000000
           4.2529568            0.0000000            0.0000000
          -2.1983883            3.8077202            0.0000000
           0.0000000            0.0000000            7.2242034
0           -0.0479400            2.5384802            0.0000000
0            2.1025085            1.2692401            3.6121017
1           -0.0479400            2.5384802            2.7043161
1            2.1025085            1.2692401            6.3164178
