4
         -18.3193402
         144.2987743          213.2716473          231.0033486          -18.4623159            0.0000000            0.0000000
           3.9653172            0.0000000            0.0000000
          -1.9107487            3.3095138            0.0000000
           0.0000000            0.0000000            6.2789805
0            0.0479399            2.2063426            0.0000000
0            2.0066286            1.1031713            3.1394903
1            0.0479399            2.2063426            2.3504804
1            2.0066286            1.1031713            5.4899706
