4
         -19.1809370
          30.6084262           44.0974315           46.8441382           -3.8295027            0.0000000            0.0000000
           4.0680456            0.0000000            0.0000000
          -2.0134771            3.4874447            0.0000000
           0.0000000            0.0000000            6.6165601
0            0.0136971            2.3249631            0.0000000
0            2.0408714            1.1624815            3.3082801
1            0.0136971            2.3249631            2.4768503
1            2.0408714            1.1624815            5.7851303
