4
         -18.9688924
          68.8500190          100.2787092          107.2662893           -8.7193201            0.0000000            0.0000000
           4.0269543            0.0000000            0.0000000
          -1.9723858            3.4162723            0.0000000
           0.0000000            0.0000000            6.4815283
0            0.0273942            2.2775149            0.0000000
0            2.0271743            1.1387574            3.2407641
1            0.0273942            2.2775149            2.4263023
1            2.0271743            1.1387574            5.6670664
