4
         -13.1484265
         307.4783613          127.9203651          375.1719686           64.0334960            0.0000000            0.0000000
           3.5302187            0.0000000            0.0000000
          -1.9612326            3.3969546            0.0000000
           0.0000000            0.0000000            5.8082505
0           -0.1307489            2.2646364            0.0000000
0            1.6997350            1.1323182            2.9041252
1           -0.1307489            2.2646364            2.1700973
1            1.6997350            1.1323182            5.0742226
