4
         -14.6772522
          18.5660910            7.3126294           20.7813623            3.2971355            0.0000000            0.0000000
           3.8832406            0.0000000            0.0000000
          -1.9612326            3.3969546            0.0000000
           0.0000000            0.0000000            6.3890755
0           -0.0130749            2.2646364            0.0000000
0            1.9350829            1.1323182            3.1945378
1           -0.0130749            2.2646364            2.3871070
1            1.9350829            1.1323182            5.5816448
