4
         -14.6920531
         -16.6873378           -6.5294742          -18.4387427           -2.8844335            0.0000000            0.0000000
           3.9616899            0.0000000            0.0000000
          -1.9612326            3.3969546            0.0000000
           0.0000000            0.0000000            6.5181478
0            0.0130749            2.2646364            0.0000000
0            1.9873824            1.1323182            3.2590739
1            0.0130749            2.2646364            2.4353314
1            1.9873824            1.1323182            5.6944053
