4
         -14.4755985
          87.4090368           34.7262802          100.7078684           16.3766727            0.0000000            0.0000000
           3.7655667            0.0000000            0.0000000
          -1.9612326            3.3969546            0.0000000
           0.0000000            0.0000000            6.1954672
0           -0.0522996            2.2646364            0.0000000
0            1.8566336            1.1323182            3.0977336
1           -0.0522996            2.2646364            2.3147705
1            1.8566336            1.1323182            5.4125040
