4
         -14.5751990
         -56.7315685          -22.3795309          -61.5856747           -9.4252575            0.0000000            0.0000000
           4.0793639            0.0000000            0.0000000
          -1.9612326            3.3969546            0.0000000
           0.0000000            0.0000000            6.7117561
0            0.0522995            2.2646364            0.0000000
0            2.0658317            1.1323182            3.3558781
1            0.0522995            2.2646364            2.5076680
1            2.0658317            1.1323182            5.8635461
