4
         -13.9930804
        -103.6048147          -41.9918335         -108.1784429          -16.2288771            0.0000000            0.0000000
           4.3147118            0.0000000            0.0000000
          -1.9612326            3.3969546            0.0000000
           0.0000000            0.0000000            7.0989728
0            0.1307488            2.2646364            0.0000000
0            2.2227303            1.1323182            3.5494864
1            0.1307488            2.2646364            2.6523412
1            2.2227303            1.1323182            6.2018276
