4
         -14.5697820
          62.0200982           24.5335302           70.7462967           11.3585874            0.0000000            0.0000000
           3.8047913            0.0000000            0.0000000
          -1.9612326            3.3969546            0.0000000
           0.0000000            0.0000000            6.2600033
0           -0.0392247            2.2646364            0.0000000
0            1.8827834            1.1323182            3.1300017
1           -0.0392247            2.2646364            2.3388827
1            1.8827834            1.1323182            5.4688843
