4
         -14.6362461
          39.1891237           15.4571379           44.2760173            7.0742028            0.0000000            0.0000000
           3.8440160            0.0000000            0.0000000
          -1.9612326            3.3969546            0.0000000
           0.0000000            0.0000000            6.3245394
0           -0.0261498            2.2646364            0.0000000
0            1.9089331            1.1323182            3.1622697
1           -0.0261498            2.2646364            2.3629948
1            1.9089331            1.1323182            5.5252646
