4
         -14.6303670
         -44.9012150          -17.6800862          -48.9715684           -7.5584288            0.0000000            0.0000000
           4.0401392            0.0000000            0.0000000
          -1.9612326            3.3969546            0.0000000
           0.0000000            0.0000000            6.6472200
0            0.0392246            2.2646364            0.0000000
0            2.0396820            1.1323182            3.3236100
1            0.0392246            2.2646364            2.4835558
1            2.0396820            1.1323182            5.8071658
