4
         -14.6698365
         -31.6147722          -12.4343934          -34.6848958           -5.3843382            0.0000000            0.0000000
           4.0009146            0.0000000            0.0000000
          -1.9612326            3.3969546            0.0000000
           0.0000000            0.0000000            6.5826839
0            0.0261498            2.2646364            0.0000000
0            2.0135322            1.1323182            3.2913419
1            0.0261498            2.2646364            2.4594436
1            2.0135322            1.1323182            5.7507856
