4
         -14.5058549
         -67.2878035          -26.5731330          -72.4818045          -11.0111294            0.0000000            0.0000000
           4.1185886            0.0000000            0.0000000
          -1.9612326            3.3969546            0.0000000
           0.0000000            0.0000000            6.7762922
0            0.0653744            2.2646364            0.0000000
0            2.0919815            1.1323182            3.3881461
1            0.0653744            2.2646364            2.5317802
1            2.0919815            1.1323182            5.9199263
