4
         -13.9954375
         181.3078466           73.4061214          214.9621182           35.7628776            0.0000000            0.0000000
           3.6478927            0.0000000            0.0000000
          -1.9612326            3.3969546            0.0000000
           0.0000000            0.0000000            6.0018588
0           -0.0915242            2.2646364            0.0000000
0            1.7781843            1.1323182            3.0009294
1           -0.0915242            2.2646364            2.2424339
1            1.7781843            1.1323182            5.2433633
