4
         -14.1139571
         -98.1419217          -39.5255999         -103.2064024          -15.4314263            0.0000000            0.0000000
           4.2754872            0.0000000            0.0000000
          -1.9612326            3.3969546            0.0000000
           0.0000000            0.0000000            7.0344367
0            0.1176739            2.2646364            0.0000000
0            2.1965806            1.1323182            3.5172183
1            0.1176739            2.2646364            2.6282290
1            2.1965806            1.1323182            6.1454473
