4
         -14.1914398
         146.7983809           59.0300292          172.4465455           28.4569383            0.0000000            0.0000000
           3.6871174            0.0000000            0.0000000
          -1.9612326            3.3969546            0.0000000
           0.0000000            0.0000000            6.0663950
0           -0.0784493            2.2646364            0.0000000
0            1.8043340            1.1323182            3.0331975
1           -0.0784493            2.2646364            2.2665461
1            1.8043340            1.1323182            5.2997436
