4
         -13.4780475
         261.2600470          107.5724173          315.6664805           53.4321944            0.0000000            0.0000000
           3.5694434            0.0000000            0.0000000
          -1.9612326            3.3969546            0.0000000
           0.0000000            0.0000000            5.8727866
0           -0.1176740            2.2646364            0.0000000
0            1.7258847            1.1323182            2.9363933
1           -0.1176740            2.2646364            2.1942095
1            1.7258847            1.1323182            5.1306028
