4
         -14.3303805
         -84.6762203          -33.7376562          -90.2539039          -13.5056047            0.0000000            0.0000000
           4.1970379            0.0000000            0.0000000
          -1.9612326            3.3969546            0.0000000
           0.0000000            0.0000000            6.9053645
0            0.0915242            2.2646364            0.0000000
0            2.1442810            1.1323182            3.4526822
1            0.0915242            2.2646364            2.5800046
1            2.1442810            1.1323182            6.0326868
