4
         -14.2267554
         -91.8454211          -36.7830841          -97.2740757          -14.5254929            0.0000000            0.0000000
           4.2362625            0.0000000            0.0000000
          -1.9612326            3.3969546            0.0000000
           0.0000000            0.0000000            6.9699006
0            0.1045991            2.2646364            0.0000000
0            2.1704308            1.1323182            3.4849503
1            0.1045991            2.2646364            2.6041168
1            2.1704308            1.1323182            6.0890671
