4
         -14.6404200
          50.7528146           14.7330752            8.7675286           10.8966039            0.0000000            0.0000000
           3.8047913            0.0000000            0.0000000
          -1.9612326            3.3969546            0.0000000
           0.0000000            0.0000000            6.4536117
0           -0.0392247            2.2646364            0.0000000
0            1.8827834            1.1323182            3.2268058
1           -0.0392247            2.2646364            2.4112192
1            1.8827834            1.1323182            5.6380251
