4
         -14.4446643
         -91.5929203          -25.7444521          -18.8951894          -16.7368843            0.0000000            0.0000000
           4.2754872            0.0000000            0.0000000
          -1.9612326            3.3969546            0.0000000
           0.0000000            0.0000000            6.4536117
0            0.1176739            2.2646364            0.0000000
0            2.1965806            1.1323182            3.2268058
1            0.1176739            2.2646364            2.4112192
1            2.1965806            1.1323182            5.6380251
