4
         -14.6851515
         -27.4886447           -7.7714593           -5.0049522           -5.5320377            0.0000000            0.0000000
           4.0009146            0.0000000            0.0000000
          -1.9612326            3.3969546            0.0000000
           0.0000000            0.0000000            6.4536117
0            0.0261498            2.2646364            0.0000000
0            2.0135322            1.1323182            3.2268058
1            0.0261498            2.2646364            2.4112192
1            2.0135322            1.1323182            5.6380251
