4
         -14.6690487
          32.4499248            9.3640261            5.6348026            6.8869309            0.0000000            0.0000000
           3.8440160            0.0000000            0.0000000
          -1.9612326            3.3969546            0.0000000
           0.0000000            0.0000000            6.4536117
0           -0.0261498            2.2646364            0.0000000
0            1.9089331            1.1323182            3.2268058
1           -0.0261498            2.2646364            2.4112192
1            1.9089331            1.1323182            5.6380251
