4
         -14.6684629
         -39.5344376          -11.1567723           -7.3225698           -7.8385705            0.0000000            0.0000000
           4.0401392            0.0000000            0.0000000
          -1.9612326            3.3969546            0.0000000
           0.0000000            0.0000000            6.4536117
0            0.0392246            2.2646364            0.0000000
0            2.0396820            1.1323182            3.2268058
1            0.0392246            2.2646364            2.4112192
1            2.0396820            1.1323182            5.6380251
