4
         -14.5796405
         -69.3744718          -19.4911325          -13.4827398          -13.1390296            0.0000000            0.0000000
           4.1578132            0.0000000            0.0000000
          -1.9612326            3.3969546            0.0000000
           0.0000000            0.0000000            6.4536117
0            0.0784493            2.2646364            0.0000000
0            2.1181313            1.1323182            3.2268058
1            0.0784493            2.2646364            2.4112192
1            2.1181313            1.1323182            5.6380251
