4
         -14.5391054
         -77.5357364          -21.7574312          -15.3523039          -14.4941785            0.0000000            0.0000000
           4.1970379            0.0000000            0.0000000
          -1.9612326            3.3969546            0.0000000
           0.0000000            0.0000000            6.4536117
0            0.0915242            2.2646364            0.0000000
0            2.1442810            1.1323182            3.2268058
1            0.0915242            2.2646364            2.4112192
1            2.1442810            1.1323182            5.6380251
