4
         -14.6448727
         -50.4759026          -14.2352875           -9.4817578           -9.8656307            0.0000000            0.0000000
           4.0793639            0.0000000            0.0000000
          -1.9612326            3.3969546            0.0000000
           0.0000000            0.0000000            6.4536117
0            0.0522995            2.2646364            0.0000000
0            2.0658317            1.1323182            3.2268058
1            0.0522995            2.2646364            2.4112192
1            2.0658317            1.1323182            5.6380251
