4
         -14.3994244
         140.7542013           42.3890757           23.7721626           31.9459735            0.0000000            0.0000000
           3.6478927            0.0000000            0.0000000
          -1.9612326            3.3969546            0.0000000
           0.0000000            0.0000000            6.4536117
0           -0.0915242            2.2646364            0.0000000
0            1.7781843            1.1323182            3.2268058
1           -0.0915242            2.2646364            2.4112192
1            1.7781843            1.1323182            5.6380251
