4
         -14.3916341
         -97.5859405          -27.4854182          -20.5760974          -17.6619176            0.0000000            0.0000000
           4.3147118            0.0000000            0.0000000
          -1.9612326            3.3969546            0.0000000
           0.0000000            0.0000000            6.4536117
0            0.1307488            2.2646364            0.0000000
0            2.2227303            1.1323182            3.2268058
1            0.1307488            2.2646364            2.4112192
1            2.2227303            1.1323182            5.6380251
