4
         -14.5473717
          92.1901094           27.2206447           15.6904692           20.4105855            0.0000000            0.0000000
           3.7263420            0.0000000            0.0000000
          -1.9612326            3.3969546            0.0000000
           0.0000000            0.0000000            6.4536117
0           -0.0653744            2.2646364            0.0000000
0            1.8304838            1.1323182            3.2268058
1           -0.0653744            2.2646364            2.4112192
1            1.8304838            1.1323182            5.6380251
