4
         -14.6870041
          15.5762431            4.4670094            2.7225851            3.2511264            0.0000000            0.0000000
           3.8832406            0.0000000            0.0000000
          -1.9612326            3.3969546            0.0000000
           0.0000000            0.0000000            6.4536117
0           -0.0130749            2.2646364            0.0000000
0            1.9350829            1.1323182            3.2268058
1           -0.0130749            2.2646364            2.4112192
1            1.9350829            1.1323182            5.6380251
