4
         -14.0538266
         228.6907727           71.2232429           38.5855904           53.8185060            0.0000000            0.0000000
           3.5302187            0.0000000            0.0000000
          -1.9612326            3.3969546            0.0000000
           0.0000000            0.0000000            6.4536117
0           -0.1307489            2.2646364            0.0000000
0            1.6997350            1.1323182            3.2268058
1           -0.1307489            2.2646364            2.4112192
1            1.6997350            1.1323182            5.6380251
