4
         -14.6002771
          70.6174618           20.6674119           12.0849774           15.4315667            0.0000000            0.0000000
           3.7655667            0.0000000            0.0000000
          -1.9612326            3.3969546            0.0000000
           0.0000000            0.0000000            6.4536117
0           -0.0522996            2.2646364            0.0000000
0            1.8566336            1.1323182            3.2268058
1           -0.0522996            2.2646364            2.4112192
1            1.8566336            1.1323182            5.6380251
