4
         -14.4939835
         -84.9224750          -23.8373219          -17.1480010          -15.6888670            0.0000000            0.0000000
           4.2362625            0.0000000            0.0000000
          -1.9612326            3.3969546            0.0000000
           0.0000000            0.0000000            6.4536117
0            0.1045991            2.2646364            0.0000000
0            2.1704308            1.1323182            3.2268058
1            0.1045991            2.2646364            2.4112192
1            2.1704308            1.1323182            5.6380251
