4
         -14.6150685
         -60.3832449          -16.9883722          -11.5296560          -11.6116774            0.0000000            0.0000000
           4.1185886            0.0000000            0.0000000
          -1.9612326            3.3969546            0.0000000
           0.0000000            0.0000000            6.4536117
0            0.0653744            2.2646364            0.0000000
0            2.0919815            1.1323182            3.2268058
1            0.0653744            2.2646364            2.4112192
1            2.0919815            1.1323182            5.6380251
