4
         -19.0952325
          47.0281728           31.5048314           50.1462795            4.5347640            0.0000000            0.0000000
           3.8672969            0.0000000            0.0000000
          -1.9533795            3.3833526            0.0000000
           0.0000000            0.0000000            6.3795523
0           -0.0131541            2.2555684            0.0000000
0            1.9270714            1.1277842            3.1897761
1           -0.0131541            2.2555684            2.3848359
1            1.9270714            1.1277842            5.5746121
