4
         -19.0683770
         -51.5477136          -35.2512939          -53.6370535           -4.6038941            0.0000000            0.0000000
           4.0646079            0.0000000            0.0000000
          -2.0027073            3.4687908            0.0000000
           0.0000000            0.0000000            6.7050396
0            0.0197311            2.3125272            0.0000000
0            2.0421695            1.1562636            3.3525198
1            0.0197311            2.3125272            2.5065112
1            2.0421695            1.1562636            5.8590311
