4
         -18.9924867
         -64.5697062          -44.3571717          -67.0034146           -5.6878113            0.0000000            0.0000000
           4.1040702            0.0000000            0.0000000
          -2.0125729            3.4858784            0.0000000
           0.0000000            0.0000000            6.7701371
0            0.0263081            2.3239190            0.0000000
0            2.0651892            1.1619595            3.3850686
1            0.0263081            2.3239190            2.5308463
1            2.0651892            1.1619595            5.9159149
