4
         -17.9671732
         277.9010821          182.4933619          304.2354008           29.4432615            0.0000000            0.0000000
           3.6305236            0.0000000            0.0000000
          -1.8941862            3.2808268            0.0000000
           0.0000000            0.0000000            5.9889674
0           -0.0526163            2.1872179            0.0000000
0            1.7889537            1.0936089            2.9944837
1           -0.0526163            2.1872179            2.2388256
1            1.7889537            1.0936089            5.2333093
