4
         -18.7874993
         -85.4485375          -59.3468535          -88.1502026           -7.2971565            0.0000000            0.0000000
           4.1829946            0.0000000            0.0000000
          -2.0323040            3.5200537            0.0000000
           0.0000000            0.0000000            6.9003321
0            0.0394622            2.3467025            0.0000000
0            2.1112284            1.1733512            3.4501660
1            0.0394622            2.3467025            2.5795164
1            2.1112284            1.1733512            6.0296825
