4
         -19.0117811
          75.1287919           50.1466550           80.4245834            7.3694716            0.0000000            0.0000000
           3.8278347            0.0000000            0.0000000
          -1.9435140            3.3662650            0.0000000
           0.0000000            0.0000000            6.3144548
0           -0.0197311            2.2441767            0.0000000
0            1.9040518            1.1220883            3.1572274
1           -0.0197311            2.2441767            2.3605009
1            1.9040518            1.1220883            5.5177283
