4
         -17.1759333
         396.2504922          259.2081252          438.2125875           43.2396812            0.0000000            0.0000000
           3.5515992            0.0000000            0.0000000
          -1.8744551            3.2466515            0.0000000
           0.0000000            0.0000000            5.8587725
0           -0.0657704            2.1644343            0.0000000
0            1.7429144            1.0822172            2.9293863
1           -0.0657704            2.1644343            2.1901555
1            1.7429144            1.0822172            5.1195417
