4
         -17.6031532
         333.8900093          218.7475250          367.1493566           35.9235900            0.0000000            0.0000000
           3.5910614            0.0000000            0.0000000
          -1.8843207            3.2637391            0.0000000
           0.0000000            0.0000000            5.9238700
0           -0.0591933            2.1758261            0.0000000
0            1.7659340            1.0879130            2.9619350
1           -0.0591933            2.1758261            2.2144905
1            1.7659340            1.0879130            5.1764255
