4
         -18.2733593
         227.7075025          149.9179573          247.9748046           23.7533851            0.0000000            0.0000000
           3.6699858            0.0000000            0.0000000
          -1.9040518            3.2979144            0.0000000
           0.0000000            0.0000000            6.0540649
0           -0.0460393            2.1986096            0.0000000
0            1.8119733            1.0993048            3.0270325
1           -0.0460393            2.1986096            2.2631606
1            1.8119733            1.0993048            5.2901931
