4
         -18.5265350
         182.8190210          120.6925451          198.0508007           18.7793023            0.0000000            0.0000000
           3.7094480            0.0000000            0.0000000
          -1.9139173            3.3150021            0.0000000
           0.0000000            0.0000000            6.1191624
0           -0.0394622            2.2100014            0.0000000
0            1.8349929            1.1050007            3.0595812
1           -0.0394622            2.2100014            2.2874957
1            1.8349929            1.1050007            5.3470769
