4
         -18.6620852
         -93.7226417          -65.4301638          -96.3110437           -7.8854794            0.0000000            0.0000000
           4.2224568            0.0000000            0.0000000
          -2.0421695            3.5371414            0.0000000
           0.0000000            0.0000000            6.9654295
0            0.0460392            2.3580943            0.0000000
0            2.1342480            1.1790471            3.4827148
1            0.0460392            2.3580943            2.6038515
1            2.1342480            1.1790471            6.0865663
