4
         -18.8916651
         106.8986793           71.0405677          114.8146636           10.6630076            0.0000000            0.0000000
           3.7883724            0.0000000            0.0000000
          -1.9336484            3.3491773            0.0000000
           0.0000000            0.0000000            6.2493573
0           -0.0263082            2.2327849            0.0000000
0            1.8810322            1.1163924            3.1246787
1           -0.0263082            2.2327849            2.3361658
1            1.8810322            1.1163924            5.4608445
