4
         -19.1240595
         -36.6817976          -24.9572290          -38.4178892           -3.3534124            0.0000000            0.0000000
           4.0251457            0.0000000            0.0000000
          -1.9928418            3.4517032            0.0000000
           0.0000000            0.0000000            6.6399422
0            0.0131540            2.3011355            0.0000000
0            2.0191499            1.1505677            3.3199711
1            0.0131540            2.3011355            2.4821762
1            2.0191499            1.1505677            5.8021473
