4
         -18.7312651
         142.6992099           94.4904463          153.8692395           14.4646089            0.0000000            0.0000000
           3.7489102            0.0000000            0.0000000
          -1.9237829            3.3320897            0.0000000
           0.0000000            0.0000000            6.1842599
0           -0.0328852            2.2213931            0.0000000
0            1.8580125            1.1106966            3.0921299
1           -0.0328852            2.2213931            2.3118308
1            1.8580125            1.1106966            5.4039607
