4
         -19.1453033
          22.0954963           14.8594264           23.4792582            2.0994331            0.0000000            0.0000000
           3.9067591            0.0000000            0.0000000
          -1.9632451            3.4004402            0.0000000
           0.0000000            0.0000000            6.4446498
0           -0.0065771            2.2669602            0.0000000
0            1.9500910            1.1334801            3.2223249
1           -0.0065771            2.2669602            2.4091710
1            1.9500910            1.1334801            5.6314959
