4
         -18.3732929
        -106.6549693          -75.2411948         -108.7399428           -8.7528386            0.0000000            0.0000000
           4.3013812            0.0000000            0.0000000
          -2.0619006            3.5713166            0.0000000
           0.0000000            0.0000000            7.0956245
0            0.0591933            2.3808778            0.0000000
0            2.1802873            1.1904389            3.5478122
1            0.0591933            2.3808778            2.6525216
1            2.1802873            1.1904389            6.2003338
