4
         -18.5235120
        -100.7458676          -70.7022877         -103.1152853           -8.3675877            0.0000000            0.0000000
           4.2619190            0.0000000            0.0000000
          -2.0520351            3.5542290            0.0000000
           0.0000000            0.0000000            7.0305270
0            0.0526163            2.3694860            0.0000000
0            2.1572677            1.1847430            3.5152635
1            0.0526163            2.3694860            2.6281865
1            2.1572677            1.1847430            6.1434501
