192
          16.4365480            0.0000000            0.0000000
          -8.2182740           14.2344681            0.0000000
           0.0000000            0.0000000           20.2547759
0            0.0007692            2.3731919           20.2483967            0.0547651           -0.0021363            0.0129718
0            0.0153450            2.3618775            6.7367498           -0.1999092            0.0626438            0.0082675
0           -0.0087222            2.3749131           13.4658492            0.0843741           -0.0551823            0.2541016
0           -2.0678925            5.9215318           20.2450777            0.1430816            0.2507741            0.0365696
0           -2.0456183            5.9449080            6.7595352            0.0703756           -0.1212987            0.0099174
0           -2.0390318            5.9180605           13.4826124           -0.2481288            0.1323004            0.0120720
0           -4.0955645            9.4620452            0.0375959           -0.3185867            0.2689965           -0.3956825
0           -4.1138941            9.4975944            6.7109989            0.0698936            0.1949341            0.3627770
0           -4.0954563            9.4648735           13.5438497           -0.1223982            0.3566862           -0.2917019
0           -6.1441421           13.0336494            0.0263411           -0.1027943            0.0912703           -0.3907493
0           -6.1540702           13.0407462            6.7608216           -0.2529819            0.1851881           -0.1178880
0           -6.1752878           13.0486902           13.4737941            0.1092302           -0.0836161            0.1959386
0            4.1057709            2.3700664           20.2455409            0.1026253           -0.0400343           -0.0481362
0            4.0870648            2.3889853            6.7553797            0.3390217           -0.2035380           -0.0371973
0            4.0815498            2.3775392           13.4844700            0.2430734           -0.0125246            0.1815431
0            2.0524963            5.9143096           20.2451093            0.0422759            0.1022948            0.1423821
0            2.0545406            5.9304781            6.7683835           -0.2168156            0.1005655           -0.4317933
0            2.0545653            5.9316915           13.4909665           -0.0532295           -0.0175592           -0.0006441
0            0.0081265            9.4874334           20.2496948           -0.0800982           -0.0958685            0.1215609
0            0.0011452            9.5016776            6.7357510            0.0739259           -0.0849806            0.1048604
0            0.0134315            9.4882016           13.4974557           -0.1679762           -0.0167994            0.0309145
0           -2.0562335           13.0086834           20.2243800           -0.1043226            0.4217228            0.2791812
0           -2.0806162           13.0294085            6.7659772            0.3743213            0.3106015           -0.0031349
0           -2.0549856           13.0482386           13.5038299            0.0910807            0.0878820            0.1564061
0            8.2138296            2.3710494            0.0018572           -0.0122292           -0.0428806           -0.0368940
0            8.1991543            2.3964558            6.7884615            0.0670623           -0.0801255           -0.7431976
0            8.2595812            2.3820886           13.5231874           -0.2946701            0.0746333           -0.2353743
0            6.2055734            5.9284454           20.2376821           -0.2391139            0.0563735            0.1644766
0            6.2005709            5.9375222            6.7765464           -0.6024870            0.1080377           -0.3111645
0            6.1470603            5.9386063           13.5070401            0.2483949            0.0260335            0.1298825
0            4.1208150            9.5115997           20.2343427           -0.2442249           -0.4606287            0.0079400
0            4.1112290            9.4885380            6.7952586           -0.0302970           -0.2149392           -0.3702619
0            4.1019730            9.4862045           13.4883614           -0.0099583           -0.0087005            0.4120432
0            2.0542078           13.0472988            0.0103085           -0.0976156           -0.0316792           -0.2045212
0            2.0546097           13.0482756            6.7516207           -0.0773796            0.0871086           -0.1286561
0            2.0546441           13.0491141           13.5068163            0.0109025           -0.2557775            0.0029170
0           12.3533906            2.3916782           20.2327365           -0.1890974           -0.1407951            0.4314448
0           12.3283813            2.3724399            6.7027279           -0.0421135            0.0166442            0.3536721
0           12.3233114            2.3720656           13.4852678           -0.0122646           -0.1165966           -0.0897076
0           10.2898818            5.9273613           20.2156572           -0.1876112            0.0864750            0.2205905
0           10.2720543            5.9307285            6.7349216           -0.0275781            0.1059691            0.0242085
0           10.2589163            5.9203186           13.4927868            0.1081926            0.4095205            0.2160315
0            8.2084987            9.5081416           20.2495643            0.0490314           -0.1530652            0.1458181
0            8.2288042            9.4869573            6.7320369           -0.1135420           -0.0631697            0.1755345
0            8.2050359            9.4995085           13.5170699            0.2891725            0.0056195            0.0390910
0            6.1534416           13.0762642            0.0382846           -0.1117145           -0.4030701           -0.6304056
0            6.1551879           13.0804664            6.7293979            0.0892194           -0.5236387           -0.1273215
0            6.1654295           13.0473690           13.5079615            0.1004665            0.0312700            0.1564902
0            2.0500126            1.1855231            3.3880178            0.0379091            0.0279257           -0.1473006
0            2.0135739            1.2091100           10.1223026            0.5215916           -0.2080056            0.1365534
0            2.0553188            1.1886868           16.8751645            0.0588319           -0.0900248            0.0846753
0           -0.0289089            4.7775834            3.3892396            0.5000392           -0.3650878           -0.4504002
0           -0.0116052            4.7503119           10.1028714            0.2849334            0.0545399            0.1100252
0            0.0400443            4.7357462           16.9009579           -0.1019653            0.0476655           -0.3532618
0           -2.0532109            8.2975295            3.3782657           -0.2604020           -0.0039286            0.0598109
0           -2.0565836            8.3024605           10.1412793           -0.0560568           -0.0130410           -0.2764103
0           -2.0720539            8.2783496           16.8950164           -0.1595871           -0.1136127           -0.2310721
0           -4.1227622           11.8501047            3.3774316            0.0563925            0.1654401            0.0073045
0           -4.0984870           11.8786396           10.1044150           -0.0591367           -0.1291740            0.0628182
0           -4.1095319           11.8620823           16.8803391           -0.1496341           -0.0259987           -0.0531663
0            6.1507518            1.1735513            3.3481704            0.0632763           -0.0120098            0.0216068
0            6.1832182            1.1758102           10.1200349           -0.1452659            0.4225236            0.2033438
0            6.1815058            1.1884283           16.8415934           -0.1698548            0.0371129            0.1754628
0            4.1157086            4.7367614            3.3754438            0.0332854           -0.0144846            0.1518812
0            4.1198199            4.7285329           10.1031859           -0.0874083            0.1547586            0.2223609
0            4.1359612            4.7443361           16.9158871           -0.3345219           -0.0037480           -0.2434575
0            2.0509723            8.3023591            3.3786335            0.0033127           -0.0255693           -0.1257689
0            2.0576160            8.3045196           10.1380821           -0.0952648           -0.0490359           -0.0917828
0            2.0552906            8.3089612           16.8641173           -0.2038565            0.1150002            0.1054732
0            0.0143444           11.8535408            3.3628350            0.0542502            0.0926951            0.1179518
0           -0.0040738           11.8562942           10.1118671            0.0318149           -0.0830334            0.0763817
0           -0.0224549           11.8345375           16.8586726            0.1424558            0.1348566            0.3154263
0           10.2674555            1.1909235            3.3888259            0.0031199           -0.0530159           -0.2447362
0           10.2728456            1.1861950           10.1317636           -0.1162422           -0.2314753            0.0021778
0           10.2701198            1.2069753           16.8665481            0.1714892           -0.3046897            0.1451426
0            8.1933335            4.7573540            3.3843509            0.2267940           -0.0831573           -0.3010856
0            8.2239153            4.7455738           10.0961397           -0.0570199           -0.0008687            0.2417570
0            8.1827950            4.7432573           16.8865766            0.3560525           -0.0409649           -0.1783805
0            6.1556944            8.3036136            3.3527056            0.1634625           -0.0006922            0.1747514
0            6.1758366            8.2837581           10.1434696           -0.1429930            0.1962309            0.1276676
0            6.1970045            8.2779173           16.8921169           -0.1917887            0.1259858            0.0482478
0            4.1058777           11.8792101            3.4189952            0.0827826           -0.3636932           -0.4531529
0            4.1037924           11.8765890           10.1295988            0.2449075           -0.2957910            0.1029005
0            4.1127621           11.8560818           16.8814815           -0.1105073           -0.1314601           -0.1158357
0           14.3975734            1.1918206            3.3702620           -0.0777860           -0.0292546           -0.2631640
0           14.3841645            1.1832914           10.1300172           -0.0167326           -0.0674710           -0.0875591
0           14.3817877            1.1841631           16.8770885            0.0636478            0.0258943            0.0607745
0           12.3324703            4.7543602            3.3841844           -0.1420290           -0.0327048           -0.0552829
0           12.3306456            4.7423111           10.1757693           -0.2030381           -0.0753620           -0.3100943
0           12.3006183            4.7173779           16.8727017            0.2437800            0.1411206           -0.0620078
0           10.2765502            8.3218699            3.3872179           -0.1371591           -0.3659209           -0.1493489
0           10.2561184            8.2964033           10.1157613            0.0411461            0.1205603            0.0768303
0           10.2628569            8.2823089           16.8743577           -0.1316362            0.0801408            0.1334441
0            8.2225620           11.8634241            3.3526955           -0.1062508            0.0160263           -0.0441644
0            8.2092301           11.8521975           10.0876406            0.2267210            0.0382390            0.3233611
0            8.2038156           11.8447600           16.8868182            0.2113782            0.2314497           -0.0202868
1            0.0042407            2.3614198            2.5131575            0.0120960            0.3163488            0.1428320
1            0.0244433            2.3734117            9.2823147           -0.5299012            0.1464061           -0.2651024
1            0.0097208            2.3575973           16.0150450           -0.0792735            0.1465595           -0.0307075
1           -2.0415203            5.9176341            2.5310858           -0.2996696            0.2444668           -0.2106710
1           -2.0636426            5.9144465            9.2958648           -0.0594038            0.1611610           -0.1161927
1           -2.0495175            5.8955134           16.0058376           -0.0087967            0.0606391            0.2604018
1           -4.1466886            9.4900948            2.5230858            0.4284726           -0.0580980            0.2671493
1           -4.1160258            9.4778604            9.2754069            0.0231379            0.1452281           -0.1816023
1           -4.1482501            9.4810510           16.0527758            0.3313539            0.0286497           -0.0004010
1           -6.1684732           13.0528555            2.5077189            0.0952832            0.0095345            0.3559140
1           -6.1667889           13.0660698            9.2670591           -0.0008746           -0.0519866            0.1636156
1           -6.1558529           13.0508368           16.0179684           -0.1785336           -0.0993323           -0.0010597
1            4.0982986            2.3752799            2.5119943            0.0396806           -0.0859260            0.0679176
1            4.1093962            2.3724659            9.2774939           -0.0062865           -0.2120549            0.0671798
1            4.1145846            2.3726056           16.0308490           -0.0222415            0.0904158           -0.1096288
1            2.0815374            5.9182560            2.5233193           -0.3289540            0.0664484            0.0099642
1            2.0695906            5.9430062            9.2363629           -0.1442222           -0.1222314            0.6046276
1            2.0699899            5.9642088           15.9978979            0.0749295           -0.3799446            0.3005601
1           -0.0326452            9.4878875            2.5321281            0.3184069           -0.0766381           -0.0911239
1           -0.0042159            9.4737179            9.2723828            0.0049580            0.0684897           -0.0183292
1           -0.0465425            9.4813601           16.0235579            0.2534368           -0.1505254           -0.0124094
1           -2.0477762           13.0169088            2.5323319           -0.1260174            0.1189139           -0.2135013
1           -2.0421410           13.0907767            9.2986913           -0.0221362           -0.4750857           -0.2637181
1           -2.0638501           13.0511059           16.0695022            0.0493614           -0.0807000           -0.4459319
1            8.2229984            2.3716820            2.5286874           -0.1197550            0.0679817            0.0089584
1            8.2197233            2.3715494            9.2434746            0.0533676            0.0091741            0.5889518
1            8.2230795            2.3666254           16.0271958            0.0314492            0.1935407            0.0400344
1            6.1645013            5.9330033            2.5270993           -0.0661092           -0.0271284           -0.1499265
1            6.1636264            5.9480074            9.2727334            0.0535554           -0.2358564            0.1893664
1            6.1642818            5.9297546           16.0604805           -0.0480119           -0.0270031           -0.3672420
1            4.1231588            9.4560265            2.4945083           -0.2421342            0.5022258            0.2264136
1            4.1064665            9.4558814            9.2700803            0.1350927            0.3187304            0.4819276
1            4.1281076            9.4553394           16.0614430            0.0158767            0.2230279           -0.3257236
1            2.0734681           13.0544788            2.5103958           -0.1123565           -0.0254285            0.2715729
1            2.0646569           13.0192451            9.2605966           -0.1507218            0.3120906            0.1802577
1            2.0450597           13.0257102           16.0180220           -0.0118601            0.1754997            0.2327531
1           12.3253263            2.3705858            2.5561112            0.0638407            0.0715476           -0.3274814
1           12.3054318            2.3604488            9.2906198            0.2668415            0.1506025           -0.3178319
1           12.3406616            2.3679399           15.9851099           -0.1107134           -0.0957599            0.3240330
1           10.2690725            5.9308613            2.5004177           -0.0018813            0.0575787            0.1528867
1           10.2649479            5.9368586            9.2665375            0.2140868           -0.1178347           -0.0104737
1           10.2729339            5.9310095           16.0277968           -0.2189641           -0.1957622           -0.0296031
1            8.2346915            9.4866015            2.5372605           -0.1965908            0.0205659           -0.1743691
1            8.1970318            9.4890223            9.2866422            0.1428753           -0.1008058           -0.2562382
1            8.2044943            9.4894211           16.0494603            0.1751720           -0.0713836           -0.1687899
1            6.1546189           13.0585104            2.4935395            0.0209629           -0.1107391            0.6776339
1            6.1903260           13.0298920            9.2486039           -0.3461464            0.2467806            0.1084349
1            6.1588421           13.0435499           16.0461035            0.0313456            0.0294632           -0.1077114
1            2.0643748            1.1970164            5.9008251           -0.0760149           -0.2763178            0.0313008
1            2.0538316            1.1817703           12.6547840           -0.1489126            0.0625202           -0.1668644
1            2.0546866            1.1861783           19.4157360           -0.0391480           -0.1247915           -0.1180712
1            0.0021172            4.7392714            5.8551965           -0.0660284            0.0601039            0.6713776
1           -0.0000647            4.7411931           12.6485366            0.1040115            0.0286498           -0.2285596
1           -0.0008858            4.7481843           19.4045023           -0.0667905           -0.0716775            0.0964118
1           -2.0580273            8.3145241            5.9193278            0.0551726           -0.0520810           -0.1954844
1           -2.0547110            8.3136750           12.6299018            0.0810185           -0.1600616            0.3557296
1           -2.0680567            8.3284710           19.4028803            0.1729852           -0.3444434            0.1451676
1           -4.1113637           11.9030558            5.9149119           -0.0650995           -0.4215647           -0.2171884
1           -4.0991725           11.8937698           12.6358751           -0.0981358           -0.4457773            0.1238838
1           -4.1058586           11.8624205           19.3926587           -0.1429187           -0.3184212            0.1644098
1            6.1667338            1.1779340            5.8798407           -0.1220082            0.0911552            0.2058049
1            6.1690373            1.2014990           12.6569617            0.1157352            0.0612898            0.0397330
1            6.1640307            1.1850811           19.3701789            0.0202013           -0.1131301            0.2061048
1            4.0645440            4.7335744            5.9208196            0.5970433            0.2827507           -0.1504821
1            4.1097036            4.7562898           12.6740157           -0.0365924           -0.0699385           -0.4105335
1            4.1165887            4.7482086           19.4184258            0.0934159            0.0141793            0.0841040
1            2.0550659            8.3048441            5.9023418            0.0466267           -0.0183759            0.0446183
1            2.0547833            8.3002963           12.6584160            0.0117777           -0.0179728           -0.0779622
1            2.0290737            8.2824771           19.4000871            0.2924538            0.1207506           -0.0162433
1           -0.0019521           11.8611670            5.9076250           -0.0722019            0.1356354           -0.0895840
1            0.0081409           11.8511456           12.6490429           -0.0418087            0.1145308           -0.0395639
1           -0.0206409           11.8468104           19.4356594            0.3699753            0.0623963           -0.4356469
1           10.2703780            1.1911360            5.8796657           -0.2032825            0.0200375            0.3772289
1           10.2728543            1.1578834           12.6705087            0.0495978            0.1997328           -0.2358131
1           10.2882458            1.1901840           19.4235102           -0.0351626            0.0202722           -0.2206207
1            8.1952127            4.7793140            5.8777346            0.3049260           -0.3272527            0.2651701
1            8.2467764            4.7724777           12.6590346           -0.4986922           -0.3051427           -0.2401789
1            8.2279222            4.7445348           19.3852868            0.1030717           -0.1402199            0.1611794
1            6.1609336            8.3174443            5.8974261           -0.0260733           -0.1163311           -0.0303733
1            6.1670145            8.3305129           12.6868606           -0.0626913           -0.2812972           -0.2612056
1            6.1663107            8.3042996           19.4054447            0.0182181           -0.0238017            0.0665948
1            4.0771653           11.8265572            5.9093072            0.3157902            0.2927381            0.1829451
1            4.1293880           11.8567428           12.6921032           -0.2132150            0.0837599           -0.3828226
1            4.0745801           11.8298694           19.3944409            0.3429821            0.5458266            0.0834886
1           14.3725276            1.1730678            5.8631816            0.1996678            0.2673530            0.2905456
1           14.3771036            1.1813928           12.6623949           -0.0228840           -0.0158361           -0.1357616
1           14.3820681            1.1861269           19.4211468            0.0614928            0.0451500           -0.2584606
1           12.3345342            4.7606561            5.9123458            0.0133551           -0.0244868           -0.0532483
1           12.2852518            4.7327495           12.6746008            0.4153934            0.1267105            0.0107892
1           12.3274112            4.7448227           19.4063722            0.0642951           -0.0112162           -0.2149491
1           10.2876239            8.3240382            5.8907315           -0.1166953           -0.2547968            0.1024036
1           10.2771295            8.3081250           12.6475356           -0.0708270            0.0026038            0.1036041
1           10.2567975            8.3007721           19.4050046            0.1494038            0.1063642           -0.0006463
1            8.2451459           11.8345983            5.8719584           -0.2616598            0.3937391            0.1713273
1            8.2095624           11.8645279           12.6534577           -0.0007312           -0.0203004           -0.2468223
1            8.2190421           11.8589190           19.4091246           -0.0836503            0.2753085            0.0899636
