192
          16.4365480            0.0000000            0.0000000
          -8.2182740           14.2344681            0.0000000
           0.0000000            0.0000000           20.2547759
0            0.0211623            2.4024350            0.0235393           -0.1849884           -0.3901479           -0.1250607
0            0.0000305            2.3737973            6.7326095            0.0418895           -0.1425924           -0.0346724
0           -0.0000929            2.3731950           13.5211757            0.0128732            0.0758540           -0.1294038
0           -2.0593836            5.9354387           20.2275741            0.0065582           -0.0246922            0.0585210
0           -2.0669589            5.9210402            6.7390222            0.1419818            0.1534042            0.4170771
0           -2.0535671            5.9309575           13.4775105           -0.0959636           -0.1661030           -0.0039920
0           -4.1094121            9.4845215            0.0155370           -0.1355247           -0.2000105           -0.1370497
0           -4.1090489            9.4864761            6.7286447           -0.0441858           -0.0124652            0.3876728
0           -4.1141065            9.4885528           13.5039873           -0.0412702           -0.1017654           -0.1409934
0           -6.1631559           13.0484279            0.0151961            0.0233214           -0.1064158            0.0132817
0           -6.1619425           13.0464144            6.7259127            0.1133872            0.1666153            0.1762746
0           -6.1941151           13.0508294           13.4646835            0.3379215           -0.0268699            0.1327560
0            4.0841345            2.3870278           20.2215172            0.2271816           -0.2171162            0.1857675
0            4.1444950            2.3713417            6.7639210           -0.3511916            0.0694682           -0.3955564
0            4.0931602            2.3641553           13.5172882            0.0206901            0.1917840           -0.2188593
0            2.0618562            5.9072196            0.0239405           -0.1008135            0.0641181           -0.0413648
0            2.0395046            5.9439041            6.7437158            0.1730384           -0.1730190            0.1126573
0            2.0797771            5.9596697           13.4834550           -0.4439031           -0.1005416            0.1624248
0            0.0031040            9.4890577           20.2534032            0.0777364           -0.0962660           -0.0001694
0            0.0114687            9.4887569            6.7827774           -0.1784701            0.0571775           -0.1307853
0           -0.0007592            9.4817711           13.5184065           -0.0843769            0.1969909           -0.2627554
0           -2.0211957           13.0457996           20.2392765           -0.5698201           -0.0489486            0.1209155
0           -2.0590858           13.0417429            6.7587815           -0.0167757            0.1954055           -0.2208813
0           -2.0719548           13.0711607           13.5089621            0.0694311           -0.2142582           -0.3118289
0            8.2118934            2.3755726           20.2529471           -0.0771909           -0.0470583            0.0612311
0            8.2153804            2.3703910            6.7352896            0.1817302            0.0883437            0.1498514
0            8.1986985            2.3644704           13.4890431            0.0540315            0.0999113            0.2029543
0            6.1598174            5.9478036            0.0148974           -0.0525988           -0.2439633           -0.0931236
0            6.1642277            5.9276849            6.7549200           -0.0909887            0.2176218            0.0221481
0            6.1547797            5.9440615           13.4954969           -0.0301060           -0.3424227            0.1241683
0            4.1056967            9.5252853           20.2424029           -0.0652870           -0.3563153            0.1178324
0            4.1175743            9.4478397            6.7434793            0.0292233            0.2898231           -0.0941151
0            4.0946667            9.4471509           13.4846873            0.2915823            0.3374888            0.1195505
0            2.0507156           13.0677658           20.2225303            0.0432041            0.0670916            0.2971347
0            2.0369234           13.0334954            6.7659527            0.1278991            0.1139293           -0.2558551
0            2.0402913           13.0280450           13.4786291            0.0304673            0.1011173            0.0372239
0           12.3275635            2.3720164            0.0099307           -0.0011677           -0.0005408           -0.0383244
0           12.3212708            2.3714214            6.7604432            0.1246040            0.0172626            0.0335584
0           12.3507023            2.3347729           13.5033489           -0.2782251            0.4583299            0.0710373
0           10.2571498            5.9185084            0.0235938           -0.0232309            0.1280691           -0.3299999
0           10.2898633            5.8941683            6.7414394           -0.1592087            0.2264875            0.2256339
0           10.2802354            5.9347880           13.5107093           -0.1413745           -0.1303999            0.1266787
0            8.2178198            9.4943128            0.0015173           -0.2393893           -0.0904100            0.1295592
0            8.2261749            9.5066996            6.7876780            0.0672551           -0.0537359           -0.1314259
0            8.2140106            9.5243573           13.5139186            0.1849409           -0.2590454            0.0621053
0            6.1289188           13.0411842           20.2426344            0.3624193            0.1376684            0.0267140
0            6.1661069           13.0330467            6.7230132           -0.2281986            0.0088433            0.1977505
0            6.1619195           13.0533939           13.5068137           -0.0504815           -0.1027167            0.0064178
0            2.0541246            1.1883075            3.3906509            0.2989461           -0.0287327           -0.1720386
0            2.0493441            1.1738641           10.1617629           -0.0115106            0.1661830           -0.4712441
0            2.0573136            1.1985371           16.8933127            0.1086817           -0.1168808           -0.1544756
0            0.0007115            4.7526152            3.3831344           -0.1304111           -0.1968946            0.0702269
0           -0.0149884            4.7312521           10.1468234            0.2326923           -0.1579265           -0.4009964
0            0.0248511            4.7408030           16.8928193           -0.1232794           -0.0617425           -0.0348107
0           -2.0365080            8.3204773            3.3946938            0.0024071           -0.1755457           -0.2241666
0           -2.0677884            8.3146566           10.1038114            0.1588635           -0.1653751            0.4040871
0           -2.0571926            8.3034361           16.8454969            0.0868103           -0.0784934            0.1766147
0           -4.1052862           11.8661083            3.3851321           -0.2440860           -0.1472980           -0.0545617
0           -4.1070981           11.8554505           10.1472099            0.0354332            0.1396566           -0.3790278
0           -4.0889810           11.8489179           16.8480508           -0.3066061            0.2055472            0.0887766
0            6.2083516            1.1781306            3.3821449           -0.3303782            0.1944494           -0.1458990
0            6.1566927            1.1633928           10.0911364            0.0269853            0.1348724            0.2955580
0            6.1526779            1.1736868           16.8847543            0.0585206           -0.0584690            0.0150570
0            4.1098986            4.7447156            3.3932573           -0.0265053           -0.1609492           -0.2539277
0            4.1103569            4.7407304           10.1232803            0.0026697           -0.1265666           -0.0717231
0            4.1078205            4.7509788           16.8978656           -0.0201633            0.0042233           -0.1422135
0            2.0556401            8.3035857            3.3808938           -0.1346216            0.0250907            0.1431467
0            2.0542873            8.3033880           10.0926411            0.1932428           -0.1505812            0.2381914
0            2.0326011            8.3056654           16.8683271            0.0779991            0.0718516            0.1996921
0           -0.0025128           11.8590141            3.3753707           -0.0571334            0.2582500            0.0781585
0           -0.0062258           11.8205215           10.1334182            0.1518738            0.3999250           -0.0297877
0           -0.0058342           11.8593389           16.8966993           -0.0182397            0.2126116           -0.2143160
0           10.2579409            1.1823331            3.4153378            0.2319929            0.0010208           -0.3213078
0           10.2682476            1.1892488           10.1323457            0.0120417           -0.0855681            0.1272742
0           10.3031018            1.1805087           16.8434522           -0.4827880           -0.1055924            0.3408204
0            8.2377151            4.7407199            3.3747926           -0.2442006            0.1117501           -0.0363145
0            8.2116108            4.7482684           10.1633355            0.2131785           -0.0244203           -0.4966379
0            8.2188275            4.7444719           16.8972154           -0.1808959           -0.1211588           -0.2325715
0            6.1311871            8.2982815            3.3766826            0.2832175            0.0525711           -0.1000078
0            6.1590364            8.3097642           10.1654979            0.0055264           -0.1180792           -0.2852944
0            6.1744291            8.3255213           16.8529788           -0.3039372           -0.0355689            0.4044793
0            4.1329381           11.8821058            3.3495979           -0.1887372           -0.2934295            0.1560397
0            4.0696696           11.8763544           10.1243649            0.3868534           -0.2371338            0.1089173
0            4.1205949           11.8469421           16.8652548           -0.2922188            0.1462149           -0.0826226
0           14.3777849            1.1874137            3.3870494           -0.0249743            0.0183533           -0.0498811
0           14.3740674            1.1799956           10.1284991            0.1351003            0.0007159           -0.0704306
0           14.3504829            1.1882710           16.8756411            0.2839659           -0.2395299            0.0203030
0           12.2985569            4.7594820            3.3526937            0.4010657           -0.1679917            0.1677231
0           12.3552672            4.7104011           10.1087777           -0.1683346            0.2796683            0.0963027
0           12.3280478            4.7433463           16.9115398            0.2010337            0.0281033           -0.3458080
0           10.3145774            8.3061066            3.3631441           -0.4350933            0.0615264            0.1795653
0           10.2542682            8.3116676           10.1268459            0.3093063           -0.1660452            0.0581923
0           10.2529993            8.2803928           16.8523746            0.2137007            0.1958877            0.1297097
0            8.2135870           11.8715371            3.3790249            0.0068240           -0.0321428            0.0667623
0            8.2296972           11.8733639           10.1082458           -0.1021973           -0.1167269            0.1031723
0            8.2310184           11.8329223           16.8836105            0.0900684            0.2967214            0.0335937
1            0.0166291            2.3385487            2.5384037           -0.1856622            0.3532329            0.0562276
1           -0.0079910            2.3512351            9.2390064            0.0751342            0.1030870            0.3790821
1            0.0053573            2.3640226           16.0392630           -0.1562290            0.0393998            0.0467707
1           -2.0560655            5.9339140            2.4960404           -0.0248171            0.0702514            0.2449506
1           -2.0444151            5.9301736            9.3245028           -0.0293301            0.0591933           -0.5361544
1           -2.0257362            5.9178373           16.0114714           -0.2156908           -0.0454070            0.1170939
1           -4.1045777            9.4791461            2.5331089            0.2269300            0.2092248           -0.0153268
1           -4.0996969            9.4808813            9.3192364           -0.2624370            0.1620682           -0.5422681
1           -4.1054115            9.4901651           16.0168228           -0.2177996           -0.1599784            0.0501356
1           -6.1713776           13.0469735            2.5468493            0.0912517            0.0245181           -0.0885094
1           -6.1696616           13.0547555            9.2663647            0.2403859           -0.0682646           -0.0175656
1           -6.1788711           13.0654076           15.9915004            0.1715611           -0.1510467            0.2103465
1            4.1163370            2.3671607            2.4915076            0.0799609           -0.0139444            0.2784091
1            4.1066645            2.3616259            9.2328096           -0.0792990            0.0035242            0.6005209
1            4.1297188            2.3675787           16.0024759           -0.2254826            0.1567301            0.4329270
1            2.0459445            5.9329543            2.5328281            0.1049585           -0.0203725            0.1478427
1            2.0608831            5.9079366            9.2689413           -0.1731181            0.1021531            0.0818349
1            2.0425192            5.9396350           16.0250158            0.1897975           -0.0674706           -0.0837156
1            0.0059583            9.5191951            2.5323463            0.0051657           -0.2709093           -0.0589867
1            0.0000180            9.4893855            9.2965984           -0.0418896           -0.2024759           -0.1098246
1           -0.0082853            9.5237373           16.0055639            0.0244696           -0.2275362            0.3405991
1           -2.0932135           13.0483164            2.5379645            0.4619997           -0.0054829           -0.2067571
1           -2.0283535           13.0362761            9.2540419           -0.2251642           -0.1392733            0.2816108
1           -2.0556974           13.0486642           15.9934627            0.0787668           -0.0353195            0.4101868
1            8.2405910            2.3866833            2.5248745           -0.0484871           -0.1221881           -0.0285910
1            8.2213720            2.3660509            9.2731967           -0.0523739            0.1316465            0.0048722
1            8.1963387            2.3526352           16.0383811            0.2146083            0.1843258           -0.1017217
1            6.1603511            5.9255688            2.5210883            0.0994360           -0.0101546            0.1857770
1            6.1631107            5.9271808            9.2966150            0.0516361            0.1047098           -0.1068618
1            6.1583935            5.9718747           16.0531199            0.0658855           -0.3833438           -0.2446520
1            4.0922811            9.4762033            2.5215057            0.0615089            0.2621820           -0.0330636
1            4.1301929            9.4784387            9.2452627           -0.1282314            0.1722232            0.3576844
1            4.1082322            9.4890782           16.0189521           -0.1059436           -0.1152048           -0.0028210
1            2.0643026           13.0471354            2.5387601           -0.1456287            0.0763839           -0.2599464
1            2.0592514           13.0391019            9.2599697           -0.3410952            0.1364548            0.2581167
1            2.0298758           13.0483758           15.9901740            0.2259931           -0.1538321            0.3455454
1           12.3288590            2.3730907            2.5234510           -0.1220961           -0.0148086            0.1662401
1           12.3320751            2.3705703            9.2835916           -0.0828599           -0.2142389           -0.0682076
1           12.3160163            2.3592596           16.0497374            0.1851370            0.3462849           -0.3250410
1           10.2735458            5.9324210            2.5346334           -0.1336100            0.1283459           -0.0501928
1           10.3048707            5.9396623            9.3063511           -0.2367273           -0.2090444           -0.2785652
1           10.2739385            5.9190918           16.0629771            0.0240381           -0.1133706           -0.3358568
1            8.2198521            9.5092668            2.5532320           -0.0148160           -0.3017900           -0.1530751
1            8.2281372            9.4696957            9.3091351           -0.2488266            0.2609089           -0.1206768
1            8.2052151            9.4836416           16.0562750            0.2273579            0.0433672           -0.3656258
1            6.1637266           13.0489765            2.5226475            0.1185103            0.1281774           -0.0870569
1            6.1632182           13.0473663            9.2867702           -0.1357713           -0.1098388           -0.1755892
1            6.1707647           13.0127263           16.0319966            0.0554614            0.2956312            0.0294586
1            2.0613514            1.1873415            5.8890427            0.1299943            0.0943897            0.2253306
1            2.0605446            1.1881179           12.6448180           -0.1652148            0.0338555            0.2172162
1            2.0627543            1.1747167           19.4079764           -0.2042802            0.0370148           -0.0044807
1           -0.0005030            4.7454078            5.9401568           -0.0625652            0.0302329           -0.3858073
1            0.0051230            4.7444469           12.6227763            0.0935190           -0.0051870            0.4976892
1            0.0035956            4.7403952           19.4217251            0.0053993            0.1371197           -0.1205812
1           -2.0553267            8.3033407            5.9032522            0.1610893           -0.0141800            0.1627591
1           -2.0501207            8.3015044           12.6677989           -0.0184379            0.0939352           -0.2354416
1           -2.0546117            8.3036397           19.4063787           -0.0036746            0.0785556           -0.2223224
1           -4.1083491           11.8595839            5.8983949            0.0313695            0.0204222            0.0777353
1           -4.1096238           11.8502338           12.6307369           -0.0714723            0.1597371            0.3719580
1           -4.1355718           11.8214996           19.3939994            0.3332680            0.4109638           -0.0108361
1            6.1730612            1.2158943            5.9012209            0.0103794           -0.4443357           -0.0358353
1            6.1389329            1.1944485           12.6759413            0.0364930           -0.0063759           -0.5117234
1            6.1654306            1.1868772           19.4098963           -0.1334330           -0.0089169           -0.0210857
1            4.1033120            4.7441680            5.8949271           -0.0140461            0.0542379            0.2038159
1            4.0607847            4.7468593           12.6434273            0.5333458           -0.1481272            0.0572984
1            4.0954596            4.7367574           19.4231413            0.1869610            0.1698674           -0.1421362
1            2.0489508            8.3026581            5.9401123           -0.0304221            0.0168633           -0.3898416
1            2.0525211            8.3221634           12.6704844           -0.1647757           -0.1166165           -0.4817644
1            2.0664390            8.2684040           19.4311112           -0.1111368            0.2636059           -0.2505504
1           -0.0117235           11.8615549            5.9157215            0.0066089           -0.0723744           -0.1242145
1           -0.0006749           11.8680720           12.6431717           -0.2696537           -0.1353809            0.0969701
1           -0.0005776           11.8680530           19.4024871            0.1611111           -0.1693962            0.0337014
1           10.2921519            1.1954523            5.9098046           -0.2192686           -0.1862797            0.1866061
1           10.2647340            1.1775720           12.6860583            0.0452138            0.0169498           -0.2769634
1           10.2590543            1.2190061           19.4200898            0.1395830           -0.1855388           -0.3724194
1            8.1974055            4.7429823            5.8851195            0.2222514            0.0132811            0.1525023
1            8.2229719            4.7404744           12.6348069           -0.1062214            0.0452701            0.5332431
1            8.1929326            4.7224855           19.3997519            0.0947670            0.2581312            0.2303945
1            6.1812076            8.3339431            5.8954146            0.0552749           -0.3303448            0.0938690
1            6.1882118            8.2950356           12.6576032           -0.1510825            0.1997776            0.1677523
1            6.1278635            8.2806808           19.4117176            0.2726322            0.3801037           -0.1826418
1            4.0761705           11.8373079            5.8815332            0.2153488            0.0437371            0.1119305
1            4.0970559           11.8600946           12.6760203            0.1485778           -0.1892942           -0.2327808
1            4.1089605           11.8620658           19.3994009           -0.2224936            0.1086715           -0.1673128
1           14.3709824            1.1922744            5.9099399            0.0494651           -0.0947020           -0.0372716
1           14.3765287            1.1829089           12.6548627            0.2682917           -0.0387145           -0.0380992
1           14.3673332            1.1909911           19.4007529            0.2626727            0.0232985            0.1220390
1           12.3502320            4.7336635            5.9097923           -0.1887459           -0.0568020           -0.2875192
1           12.2980832            4.7538294           12.6233198            0.2929207           -0.3368179            0.3133106
1           12.3253860            4.7385872           19.3973586           -0.0907748            0.0645589            0.3165149
1           10.2729459            8.3033739            5.9036097           -0.0592940           -0.1536382            0.0051311
1           10.2628437            8.2786632           12.6439424           -0.0500824            0.3397153            0.2174609
1           10.2457224            8.3119991           19.3815164            0.2404204           -0.2256348            0.1964351
1            8.2390861           11.8752792            5.9140350           -0.1856525           -0.1687962           -0.1195039
1            8.2188410           11.8662231           12.6536758           -0.2200376            0.0312939           -0.2293416
1            8.2210490           11.8605797           19.4077507           -0.1420851            0.1117988            0.0442504
