192
          16.4365480            0.0000000            0.0000000
          -8.2182740           14.2344681            0.0000000
           0.0000000            0.0000000           20.2547759
0            0.0019832            2.3760191            0.0453557           -0.1852415           -0.1386084           -0.2868038
0            0.0046862            2.3626809            6.7936096            0.0214275            0.1264470           -0.3509260
0           -0.0000408            2.3724313           13.5028970           -0.0962748           -0.1595569           -0.0876335
0           -2.0778055            5.9445083           20.2322050            0.2927398           -0.0779582            0.3196659
0           -2.0543761            5.9311363            6.7517545           -0.0916813            0.1033139           -0.1121461
0           -2.0381146            5.9090037           13.5390202           -0.2152454           -0.0155193           -0.1978244
0           -4.1131100            9.4830646            0.0012380           -0.0079733            0.0958522            0.1141764
0           -4.1102776            9.4918620            6.7214591           -0.0818238            0.0617640            0.2959326
0           -4.0760308            9.4871637           13.5063946           -0.2335839            0.0661440           -0.2080257
0           -6.1656837           13.0516153            0.0132262           -0.0045160            0.0922837           -0.0595451
0           -6.1649391           13.0483100            6.7665409            0.1102507           -0.0480514           -0.2538540
0           -6.1730846           13.0417903           13.5511566            0.1777704            0.1466342           -0.2956576
0            4.0875712            2.4046633           20.2478619            0.1395273           -0.2041861           -0.0139475
0            4.1021407            2.3287252            6.7303643            0.1705573            0.3874165            0.0022076
0            4.1083685            2.3767449           13.4985090           -0.0221100           -0.0272479           -0.0262044
0            2.0741775            5.9710817           20.2483460           -0.3506527           -0.6573675           -0.0367849
0            2.0445180            5.9383784            6.7544521           -0.1055144            0.1073247           -0.0119103
0            2.0452066            5.9304313           13.5052431            0.0607066            0.0261935            0.0202852
0            0.0214063            9.4792812           20.2220209           -0.2522364            0.1870265            0.3689520
0           -0.0128759            9.4659842            6.7225901            0.1977538            0.2492451            0.1573273
0           -0.0072519            9.4918045           13.4870596            0.0671165           -0.0576898           -0.0371165
0           -2.0532860           13.0468066            0.0072786           -0.1513558            0.0573087            0.0260799
0           -2.0237160           13.0406408            6.7528935           -0.5294429            0.1026440            0.0026782
0           -2.0531927           13.0490681           13.5313973            0.1068699           -0.1063735           -0.1667625
0            8.2077612            2.3863607           20.2094014            0.0877318           -0.0231836            0.3401152
0            8.2161381            2.3247165            6.7520612            0.0312259            0.4475071           -0.1477166
0            8.1873294            2.3985850           13.4834107            0.2906232           -0.4847836            0.4054279
0            6.1410326            5.9549664           20.2519502            0.3386151           -0.1629742            0.0386636
0            6.1705750            5.9441294            6.7981965           -0.1761717           -0.1180832           -0.3209622
0            6.1886014            5.9377173           13.4799834           -0.3263559           -0.1261869            0.2830118
0            4.0885819            9.4495112           20.2452944            0.2700180            0.3831348            0.1808667
0            4.1132035            9.4787754            6.7572248            0.1009210            0.0529216           -0.0296353
0            4.1077828            9.4870615           13.4582654            0.1142748            0.1409710            0.4953907
0            2.0548610           13.0482642            0.0000976           -0.0503083           -0.1302982           -0.0036779
0            2.0578058           13.0513226            6.7501731           -0.1264437           -0.1586754           -0.2659083
0            2.0625537           13.0539553           13.5045390           -0.2650871            0.0012121           -0.0598585
0           12.3146276            2.3792794           20.2097975            0.1531627           -0.1545038            0.3533904
0           12.3618524            2.3515289            6.7632860           -0.3427650            0.2184653           -0.0341195
0           12.3422169            2.3759099           13.4906042           -0.1259428           -0.0614048            0.1082918
0           10.3043193            5.9505238           20.2531725           -0.3276763           -0.1734918           -0.1698489
0           10.2728892            5.9290026            6.7510556           -0.0733368            0.0228599            0.1966161
0           10.2686774            5.9131958           13.4859399            0.0895622            0.1582145            0.1662144
0            8.2154480            9.4903859           20.2441099           -0.0057320            0.0035036            0.1394473
0            8.2182379            9.4940863            6.7540391            0.0587634            0.0492889           -0.3062399
0            8.2440356            9.4906774           13.4793154           -0.2318904           -0.1446526            0.4292836
0            6.1609796           13.0462938            0.0131923            0.0808943            0.0658811           -0.0079316
0            6.1587804           13.0440166            6.7589417           -0.0685868           -0.1549128           -0.0513655
0            6.1993416           13.0376880           13.5108602           -0.3579609            0.1719692           -0.0412537
0            2.0621575            1.1838265            3.3513899            0.0564270            0.2414955            0.2464519
0            2.0550473            1.1546966           10.1182048            0.1113677            0.1978239           -0.0474268
0            2.0670817            1.1671750           16.8447726           -0.0727494            0.3318776            0.2535826
0            0.0094129            4.7684329            3.3965951           -0.0135262           -0.1024778           -0.2799881
0            0.0170085            4.7269042           10.1109395           -0.1875919            0.2089852            0.2503681
0            0.0017764            4.7531678           16.8890694            0.0330736           -0.1690495           -0.0758074
0           -2.0494207            8.2871048            3.3586346            0.1178322            0.0690445            0.1475957
0           -2.0633181            8.3007021           10.1034693            0.2069793           -0.0716519            0.2768834
0           -2.0594586            8.3060471           16.8642281            0.0573095            0.0330846            0.1402838
0           -4.1118189           11.8650075            3.3989649            0.0745128           -0.1501230           -0.5750525
0           -4.1149502           11.8664668           10.1596552            0.1965809           -0.1393525           -0.1863254
0           -4.0714896           11.8750569           16.9080639           -0.3723207           -0.2701186           -0.2460517
0            6.1636845            1.1861111            3.3596335            0.1347839           -0.0018201            0.0556612
0            6.1755256            1.1728941           10.1450631            0.0422487            0.2012435           -0.2359071
0            6.1476015            1.1677906           16.8448183            0.1057363            0.1068020            0.4125629
0            4.1141851            4.7398135            3.3623546            0.1131918            0.2620712            0.2918006
0            4.1010015            4.7554310           10.1354854            0.0875638           -0.1001537           -0.1179379
0            4.1282348            4.7429194           16.8956959           -0.0979787            0.1358938           -0.2716973
0            2.0635707            8.3025213            3.3718089           -0.0540894           -0.0413243           -0.0608905
0            2.0484525            8.3267718           10.1153572           -0.0554889           -0.2035871            0.1525060
0            2.0532498            8.3041023           16.9018740           -0.0236022           -0.0760750           -0.0690416
0           -0.0040459           11.8406711            3.3820347            0.0468122            0.2194922           -0.1161271
0            0.0145520           11.8529042           10.0887854           -0.1512895            0.0745764            0.0772985
0           -0.0007742           11.8619750           16.8721362            0.2043116           -0.0278598            0.0857125
0           10.2715824            1.2213941            3.3590622           -0.0468934           -0.2101879            0.1543331
0           10.2895678            1.1797806           10.1204120           -0.1427772           -0.0573050            0.0304067
0           10.2660690            1.1729330           16.8960483            0.2699304           -0.0352843           -0.2171823
0            8.2096378            4.7674720            3.3923365            0.1738391           -0.1399043           -0.2430735
0            8.2027946            4.7420102           10.1302736            0.2768912           -0.0056528            0.2424951
0            8.2379538            4.7173079           16.8746796           -0.1835755            0.1126634            0.0493126
0            6.1460409            8.3447361            3.3601120            0.0149816           -0.5221266            0.1460743
0            6.1522049            8.3041585           10.1224683            0.2056724            0.2767546            0.0105572
0            6.2023475            8.3308528           16.8717914           -0.1884165           -0.3591478            0.0529955
0            4.1410450           11.8830323            3.3537773           -0.4152990           -0.1085274            0.0829625
0            4.0973489           11.8867173           10.1532973           -0.1026637           -0.3648942           -0.1700556
0            4.1102077           11.8620541           16.9095099            0.1218050           -0.2544431           -0.2462103
0           14.3925254            1.1964115            3.3887739           -0.1273594           -0.0382921           -0.0349699
0           14.3599314            1.2192387           10.1114663            0.1548213           -0.3990262           -0.0824971
0           14.3880337            1.1844387           16.8826022            0.1717677           -0.0119838            0.0220043
0           12.2865551            4.7451777            3.3643165            0.2457300           -0.1000097            0.2105414
0           12.3385528            4.7300762           10.1332003           -0.0703889            0.2419947           -0.0883706
0           12.3145025            4.7457485           16.8810705            0.1284442           -0.0875079           -0.0403617
0           10.2710972            8.3101344            3.3660093           -0.0502393           -0.1308696           -0.1489982
0           10.2702959            8.3058951           10.1601731            0.1203327           -0.0520156           -0.1909595
0           10.2943323            8.2884931           16.8410009           -0.0404072            0.0866374            0.3221586
0            8.2354316           11.8459357            3.3596570           -0.0938373            0.0665969           -0.0260314
0            8.2142816           11.8577977           10.1219657           -0.0319061           -0.0489939            0.1384196
0            8.2138912           11.8699652           16.8767378            0.0372638            0.0813869            0.1128931
1           -0.0004254            2.3689696            2.5286317            0.0553846            0.2011439            0.3100483
1           -0.0094841            2.3732168            9.2820575            0.1529152           -0.1929548            0.1683442
1            0.0008576            2.3683620           16.0159070            0.0581710            0.0485415            0.1215005
1           -2.0743210            5.9283757            2.5610679            0.1111731           -0.1770866           -0.4244762
1           -2.0557426            5.9310499            9.2728853            0.1094817           -0.1279983            0.0635983
1           -2.0530235            5.9345913           16.0473933           -0.0631599           -0.0833253            0.0638642
1           -4.0964785            9.4553993            2.5436239           -0.1219530            0.4389087           -0.1932208
1           -4.0988502            9.4725625            9.3156337           -0.2345951            0.2853912           -0.4756826
1           -4.1030361            9.4812845           16.0018628            0.0165685            0.2747183            0.2959772
1           -6.1601360           13.0670239            2.5431787            0.0518526           -0.2698462           -0.1817943
1           -6.1541445           13.0223439            9.2724928           -0.1112646            0.0628623            0.1028428
1           -6.1600788           13.0528518           16.0432486            0.1566223           -0.2841766            0.1589689
1            4.1298271            2.4018303            2.5374590           -0.1911434           -0.3111672           -0.1967898
1            4.1192517            2.3737015            9.2507854           -0.0378427           -0.0490102            0.2638957
1            4.1288899            2.3807608           16.0270956           -0.2086324           -0.0273673           -0.0448324
1            2.0798048            5.9266496            2.5046782           -0.1898092            0.0697919            0.1547280
1            2.0460916            5.9362573            9.2888005            0.0841343            0.1035885           -0.0953563
1            2.0528335            5.9309299           16.0273352            0.1030865           -0.0182923            0.1433912
1            0.0018058            9.4889593            2.5242839            0.0409976           -0.1203851           -0.1818612
1           -0.0008785            9.4905056            9.2695038           -0.0778056           -0.0933425           -0.1538277
1           -0.0000367            9.4899928           16.0259654            0.0352682           -0.0092074           -0.0136078
1           -2.0544912           13.0512890            2.5258019           -0.0400999           -0.1191139            0.0335775
1           -2.0519012           13.0494466            9.2743722           -0.0610763           -0.0913918            0.0413898
1           -2.0525837           13.0390912           16.0511149            0.1160994            0.0147109           -0.2085617
1            8.2197557            2.3738293            2.5214919           -0.0929942            0.2236942           -0.1820362
1            8.2427730            2.3934060            9.2584664           -0.1740383           -0.2680351            0.2634354
1            8.2160163            2.3469318           16.0622184            0.0365590            0.0173193           -0.4544586
1            6.1734113            5.9332107            2.5194916           -0.1367850            0.2250919            0.0545251
1            6.1912768            5.9508697            9.3119153           -0.3525187           -0.1776792           -0.0683551
1            6.1767845            5.9193536           16.0290297            0.0875482            0.1811178           -0.0609450
1            4.1159122            9.4896830            2.5413985           -0.2326200            0.2128507           -0.3172989
1            4.0938035            9.4834829            9.2794673            0.1698065            0.2498758            0.0323055
1            4.1143157            9.4605979           16.0584615            0.0254160            0.2892539           -0.3862067
1            2.0485014           13.0680639            2.5276212            0.0486151           -0.1392006            0.0724851
1            2.0601786           13.0308379            9.2582598           -0.0172520            0.2235422            0.0881024
1            2.0865045           13.0252805           16.0209859           -0.2820764            0.1560133            0.1081902
1           12.3246957            2.3700771            2.5305853            0.1704569            0.0589608           -0.2837729
1           12.3307630            2.3819686            9.2932851           -0.1320832           -0.0475440           -0.2444963
1           12.3654199            2.3632455           16.0292825           -0.4228596            0.0641448           -0.0279263
1           10.2906827            5.9348471            2.4962784           -0.3725561            0.0840706            0.2361389
1           10.2722470            5.9381956            9.3210990            0.0172256           -0.0837544           -0.2948873
1           10.2711944            5.9258882           16.0306130            0.0185904           -0.0873152           -0.1979982
1            8.1908579            9.4704950            2.5368657            0.3520770            0.1810476           -0.2679767
1            8.2562030            9.4821645            9.2535451           -0.3656666            0.0399037            0.3002714
1            8.2412097            9.5055700           16.0677811            0.0815395           -0.0350033           -0.5320570
1            6.1653658           13.0491931            2.5424737            0.2936730            0.1468418           -0.1269742
1            6.1295108           13.0226120            9.3002939            0.3415558            0.3724824           -0.1523404
1            6.1615591           13.0502684           16.0460962           -0.0241459           -0.0408227           -0.1417059
1            2.0544539            1.1862443            5.9098567           -0.1896833           -0.1153981           -0.2094912
1            2.0543840            1.1847087           12.6450546           -0.0105999           -0.1382758            0.0883059
1            2.0221126            1.2014899           19.4056813            0.2639418           -0.1187351           -0.1306481
1           -0.0116300            4.7432231            5.8964419            0.0944231           -0.0830674            0.2451714
1            0.0047885            4.7331740           12.6730424           -0.0384654            0.0734732           -0.3025151
1           -0.0158999            4.7026233           19.4035987            0.1915794            0.5298332            0.1839416
1           -2.0486156            8.3225959            5.8921674           -0.1603339           -0.3149163           -0.0398857
1           -2.0715166            8.2749937           12.6608798            0.2833988           -0.0188594           -0.1915207
1           -2.0495181            8.3211283           19.4124719           -0.0482829           -0.0932927           -0.2048970
1           -4.1097916           11.8682604            5.8536391            0.0482367            0.0761375            0.7784257
1           -4.1055362           11.8728279           12.6641645           -0.0865408           -0.0351136            0.1935986
1           -4.1148342           11.8649965           19.3989583            0.0269074           -0.0308632            0.2875851
1            6.1758784            1.1730537            5.8917534           -0.1475758           -0.0371300           -0.0562061
1            6.1633977            1.1764507           12.6603605           -0.0853269            0.0228866            0.0453846
1            6.1750751            1.1803698           19.4082389           -0.3637323            0.0551108           -0.1892920
1            4.0750635            4.7543193            5.9114671            0.3955052           -0.1621557           -0.0120914
1            4.0970348            4.7448093           12.6571819            0.1729493            0.0678354            0.0273060
1            4.1191879            4.7759529           19.3906525           -0.1638247           -0.1256121            0.1640035
1            2.0690771            8.3274179            5.8853016           -0.1444351           -0.2413069            0.1374616
1            2.0815202            8.2981247           12.6556634           -0.3850208           -0.0115005           -0.1280632
1            2.0455168            8.2915704           19.4412169            0.0379006            0.1741377           -0.4642456
1           -0.0459643           11.8642498            5.8948528            0.6335548           -0.1976442            0.0787343
1           -0.0030459           11.8622533           12.6122568            0.0280979            0.0713491            0.2661694
1           -0.0297570           11.8552515           19.4092263            0.3372193            0.0414421           -0.1092647
1           10.2727365            1.1857329            5.9041918            0.2112165            0.0030508           -0.0776724
1           10.2767343            1.1869016           12.6498153           -0.1504072            0.1118936            0.0684115
1           10.2689452            1.1817626           19.4063807           -0.0539272           -0.0111597            0.0143390
1            8.2076126            4.7509977            5.8957229            0.0171642           -0.2192056            0.2955080
1            8.2186150            4.7283719           12.6981065           -0.0043980            0.2383254           -0.5540506
1            8.2135589            4.7470284           19.3967370            0.0928465            0.2885100            0.1017389
1            6.1653958            8.3042241            5.8842046            0.0175460           -0.0098834            0.1712956
1            6.1678841            8.2924132           12.6537724            0.1300746            0.2237736           -0.0632359
1            6.1637341            8.3033775           19.4063890           -0.0109750            0.0967076           -0.0946401
1            4.0952653           11.8372366            5.8823503            0.1214420            0.1870761            0.0992357
1            4.0867452           11.8792346           12.6459413            0.3873623           -0.0966388            0.2501720
1            4.1266226           11.8625034           19.4024519           -0.2168618           -0.2008193            0.3000709
1           14.3865714            1.1882641            5.9152921            0.1885451           -0.1232404           -0.0280176
1           14.3669690            1.1928118           12.6081755            0.2536878           -0.1689855            0.3836676
1           14.3875441            1.1822718           19.3996825            0.0051520            0.0397005            0.1545998
1           12.3200961            4.7433383            5.9086266            0.0515419           -0.1118416           -0.0417080
1           12.3109080            4.7363721           12.6399848            0.2864192            0.1055909            0.2084113
1           12.3277842            4.7438911           19.4081963           -0.0462866            0.0469640           -0.1445673
1           10.2718959            8.2973196            5.8626142           -0.0341855            0.0266463            0.3719129
1           10.2723995            8.3033171           12.6555937            0.2174396           -0.0687556            0.2258983
1           10.2718502            8.3056055           19.4039516            0.0350896            0.0451752           -0.2282127
1            8.2312148           11.8781563            5.8738558           -0.1326469           -0.1109496            0.2621538
1            8.2337754           11.8508479           12.6885171            0.0147565            0.0810775           -0.4120466
1            8.2188000           11.8616264           19.4059418           -0.0047407            0.0583290            0.0553732
