192
          16.4365480            0.0000000            0.0000000
          -8.2182740           14.2344681            0.0000000
           0.0000000            0.0000000           20.2547759
0            0.0032171            2.3767482           20.2542663           -0.2933807            0.0121999            0.1453297
0           -0.0010108            2.3723657            6.7566307           -0.0195974           -0.1236096           -0.0872086
0            0.0001049            2.3723899           13.5031927            0.0519708           -0.0324495            0.0012397
0           -2.0476499            5.9247150           20.2510109           -0.0823948            0.0874378            0.2047747
0           -2.0562380            5.9316549            6.7453287            0.1276747           -0.0879469            0.1191522
0           -2.0540039            5.9295784           13.5051520            0.1657788            0.0937186           -0.3291594
0           -4.1159467            9.4920202            0.0380970            0.2683288           -0.1158766           -0.1193888
0           -4.1081317            9.4879809            6.7445359           -0.0044486            0.1450437            0.3046646
0           -4.1079166            9.4899602           13.5357754           -0.1544573           -0.0392074           -0.2094986
0           -6.1466039           13.0605484            0.0366788           -0.0008799           -0.1629533           -0.3263494
0           -6.1696854           13.0604235            6.7265507           -0.0352803           -0.1036509            0.3603447
0           -6.1521308           13.0382912           13.5235627           -0.2620117            0.0432297           -0.0960321
0            4.0884807            2.3756923           20.2449941            0.0161428           -0.1239690            0.2560189
0            4.1085199            2.3723895            6.7502699           -0.0214398            0.0320717           -0.1497678
0            4.1021292            2.3587927           13.5358596           -0.1284105            0.2739421           -0.4082255
0            2.0501717            5.8976744            0.0279082            0.1078624            0.3012093           -0.2424326
0            2.0699821            5.9132795            6.7908845            0.1025729            0.2567034           -0.5104354
0            2.0433170            5.9317087           13.4892321            0.0874070           -0.1342914            0.0461704
0            0.0000410            9.4895580           20.2510610            0.0604600            0.0304519            0.1150748
0           -0.0409309            9.4996617            6.7535291            0.3594743           -0.0891537           -0.2540330
0            0.0003365            9.4890106           13.5030971           -0.0450506           -0.0364715            0.0859633
0           -2.0569068           13.0493456           20.2132935            0.2114455            0.0255963            0.4970926
0           -2.0732767           13.0367587            6.7451511            0.1663101            0.1096677            0.0107742
0           -2.0522204           13.0452631           13.4940608           -0.2370370            0.0205272            0.1159194
0            8.2112280            2.3330475           20.2375547            0.1129109            0.3676490            0.1703026
0            8.2152104            2.3726333            6.7573513           -0.0952440            0.0762904           -0.0996910
0            8.2209106            2.3713898           13.5212855           -0.0592008            0.0018745           -0.2235172
0            6.1742039            5.9359126           20.2407460           -0.0831546           -0.0477202           -0.0306233
0            6.1636139            5.9307241            6.7531236           -0.0180831           -0.0184023            0.0404847
0            6.1713163            5.9516065           13.4849507           -0.1491007           -0.1568565            0.1999682
0            4.1143894            9.4990744            0.0290650            0.0806705           -0.3677855           -0.2371825
0            4.1098234            9.4904849            6.7520104           -0.1784640            0.0508777            0.0178077
0            4.0969854            9.4708316           13.4691380            0.2083882            0.0300960            0.1394588
0            2.0536246           13.0418752            0.0032023            0.1031153           -0.1310775           -0.0956421
0            2.0685225           13.0674996            6.7691256           -0.2306986           -0.2611824            0.0198481
0            2.0285950           13.0389446           13.5056638            0.3462227            0.0735136            0.1774867
0           12.3277788            2.3715689            0.0021689            0.0142915            0.0217459            0.0908808
0           12.3282087            2.3728937            6.7379894            0.1084466           -0.2080468            0.1017095
0           12.3396648            2.4154625           13.4838083           -0.1231518           -0.3721347            0.0266386
0           10.2735139            5.9317471            0.0011148           -0.1072453           -0.0605107           -0.0460024
0           10.2742892            5.9353877            6.7474443            0.2666116           -0.0303982           -0.0015307
0           10.2445188            5.9178419           13.4971333            0.3601358            0.3157610            0.0112416
0            8.2362088            9.5214880           20.2463274           -0.2754222           -0.2526944            0.0515016
0            8.2292252            9.4754561            6.7721268           -0.1329952           -0.0740453           -0.2837542
0            8.2220839            9.4677642           13.5360061           -0.1106347            0.1716495           -0.5661177
0            6.1700064           13.0720454            0.0180671           -0.0679212           -0.3773234            0.1362014
0            6.1643324           13.0459999            6.7638778           -0.0660454            0.0319911           -0.2209746
0            6.1540172           13.0773762           13.4841603            0.0642113           -0.2335968            0.3337138
0            2.0289313            1.1842935            3.3450898            0.1337291            0.0527660            0.2225287
0            2.0701014            1.1877360           10.1118588           -0.0661329           -0.0323591            0.1519065
0            2.0726665            1.1849124           16.8506902           -0.2553179            0.1247779            0.2682803
0            0.0195853            4.7272256            3.4107987           -0.0222683            0.1387179           -0.0633125
0            0.0099517            4.7466377           10.0820173           -0.0883883           -0.1001392            0.2451787
0            0.0000691            4.7447290           16.8730632            0.0158901           -0.1021481            0.2027650
0           -2.0478400            8.3040143            3.3898290            0.0370853           -0.0473389            0.0328851
0           -2.0511886            8.2925329           10.1095212           -0.0116837            0.1062993            0.0733041
0           -2.0706531            8.2886644           16.8839135            0.1657013           -0.0864813           -0.1161647
0           -4.0938061           11.8608136            3.3701729           -0.0057768            0.1409138            0.1096849
0           -4.1034624           11.8579118           10.1299528           -0.0272936            0.0365032           -0.1489888
0           -4.1126070           11.8574194           16.8853980           -0.0237513            0.1132142            0.0587623
0            6.1369763            1.2055471            3.3603739            0.1520757           -0.1779152            0.2318487
0            6.1674496            1.1922207           10.1075429           -0.0796456           -0.0021197            0.2908795
0            6.1334530            1.1867192           16.8648335            0.2284897            0.1280386            0.1571093
0            4.1082176            4.7443831            3.3761623            0.1006513            0.1626894           -0.2308654
0            4.1427174            4.7306683           10.1088532           -0.3348811            0.1948328            0.1680420
0            4.1044098            4.7487795           16.8664991           -0.0315731            0.1130522            0.1933579
0            2.0635536            8.2769974            3.3449488            0.0520446            0.2848975            0.2891722
0            2.0347542            8.3353934           10.1179622            0.0584517           -0.4029067            0.1058723
0            2.0547749            8.3034280           16.8969543            0.0775641           -0.1151735            0.0723252
0            0.0028747           11.8584868            3.3775382            0.0360181            0.0668921           -0.0997567
0           -0.0010136           11.8616638           10.1343931           -0.1786379           -0.1321408           -0.0846965
0           -0.0123929           11.8476577           16.8536950            0.1688155            0.0166895            0.3917560
0           10.2729722            1.1866287            3.3758044            0.0150532           -0.0226126            0.2004553
0           10.2406743            1.1621021           10.1312805            0.4626594            0.1205780            0.1494453
0           10.2841474            1.1795093           16.8816697           -0.0212931            0.1370459            0.1474008
0            8.2193743            4.7381057            3.3740319            0.0659838            0.0814081            0.0738997
0            8.2273453            4.7394308           10.1335286            0.0786757           -0.0704579           -0.0446348
0            8.2259195            4.7517662           16.8650920           -0.3091254           -0.3571035            0.0551897
0            6.1624629            8.3056348            3.3678463            0.3668477           -0.1755101           -0.0044150
0            6.1547784            8.3174139           10.1283328            0.0979293            0.0868317           -0.1789791
0            6.1687519            8.3391286           16.8832771           -0.2693308           -0.2322919           -0.1688951
0            4.1109263           11.8586457            3.3709959           -0.2191437           -0.0482285            0.0044866
0            4.1022081           11.8796758           10.1309259            0.0979442           -0.2292012            0.0783664
0            4.1173816           11.8718855           16.9138063           -0.0231791           -0.2704221           -0.1042078
0           14.3805188            1.1830750            3.3547696            0.0807725            0.0571323            0.0944552
0           14.3807393            1.1862149           10.1711502           -0.0381653            0.0430668           -0.4823339
0           14.3818380            1.1856092           16.8825188           -0.1645646           -0.0672216            0.1558118
0           12.3221383            4.7723730            3.3915537            0.1185802           -0.3551937           -0.0677006
0           12.3447550            4.7444686           10.1358646           -0.1344619           -0.0553395           -0.0616706
0           12.2991346            4.7356041           16.8875966            0.1780108            0.0739271           -0.2187401
0           10.2729033            8.3045285            3.3740389           -0.1745201           -0.0001476            0.0778170
0           10.2774314            8.3061410           10.1255784           -0.1449798           -0.0044018           -0.2822053
0           10.2719846            8.2771478           16.8490496           -0.1123873            0.2290600            0.4093259
0            8.2305827           11.8827468            3.3965189           -0.1332957            0.0293892           -0.1707534
0            8.2198765           11.9035194           10.1364678           -0.1894662           -0.4472264           -0.0240734
0            8.2107754           11.8652663           16.8891091           -0.0391235           -0.0930934           -0.0147385
1           -0.0011650            2.3718980            2.5377638           -0.1047451            0.0564947           -0.1858371
1            0.0070634            2.3622558            9.2798230           -0.1125595           -0.0508559            0.0237200
1           -0.0271877            2.3527315           16.0322372            0.3036968            0.1721752            0.0000156
1           -2.0403432            5.9231424            2.5517670            0.0211023            0.0327636           -0.1574706
1           -2.0581751            5.9328382            9.2828092            0.0777603           -0.0643511           -0.1205996
1           -2.0446919            5.9213533           15.9963253           -0.2818147           -0.0193396            0.4153109
1           -4.1140516            9.4930947            2.5751551            0.1290366           -0.0755213           -0.2594342
1           -4.1092374            9.4884909            9.3047443            0.0480037            0.0195819           -0.3365682
1           -4.1080460            9.4892620           16.0604303           -0.0848699           -0.0362643           -0.1560891
1           -6.1493815           13.0638236            2.5367156           -0.0400798           -0.2012616            0.0768279
1           -6.1803978           13.0339171            9.3205537            0.3338014            0.2064477           -0.5810818
1           -6.1819144           13.0515898           16.0621860            0.1985203           -0.1465851           -0.2094211
1            4.0873365            2.3822248            2.5684512           -0.0252067           -0.0355008           -0.5184041
1            4.1075370            2.3853941            9.2703958            0.0953882           -0.1721977           -0.0420005
1            4.1026253            2.3853945           16.0175406            0.0063437           -0.0138170            0.2771261
1            2.0622636            5.9301119            2.5143687           -0.0718844           -0.2166680            0.2544094
1            2.0481762            5.9128402            9.2508611            0.3129514            0.2849274            0.5786483
1            2.0459906            5.9281122           16.0138670            0.0357520            0.0462557            0.1121483
1            0.0015007            9.4879602            2.5272767            0.0331051           -0.0376652            0.0036090
1           -0.0071580            9.4868237            9.2514527           -0.0968641            0.1491430            0.2636750
1            0.0019305            9.4621585           16.0448643           -0.1381247            0.1295449           -0.1479875
1           -2.0524932           13.0508020            2.5296024            0.0293959            0.0859107           -0.2227455
1           -2.0554235           13.0535547            9.2770809           -0.0115657           -0.0773999            0.0139428
1           -2.0578681           13.0597366           16.0541523           -0.0922025           -0.1806804           -0.3144324
1            8.2128640            2.3761280            2.5423315            0.0140826           -0.0973721           -0.2232279
1            8.2378069            2.3301982            9.2627047           -0.2582924            0.4858984            0.1804265
1            8.2225715            2.3426137           16.0099153           -0.0733695            0.2179397            0.4307984
1            6.1801913            5.9150390            2.4998438           -0.1154713            0.1549731            0.2001661
1            6.1598229            5.9530961            9.3059460            0.2234464           -0.1678629           -0.2995177
1            6.1643041            5.9307826           16.0457808           -0.0128649            0.1847546           -0.2310569
1            4.1515329            9.4777900            2.5238419           -0.4254296            0.1253365            0.1447071
1            4.0989739            9.4779567            9.2815544            0.0359461            0.2583539           -0.0224021
1            4.0832484            9.4854739           15.9981683            0.1953731            0.1476743            0.1883572
1            2.0548572           13.0568518            2.5028648            0.0014905           -0.1236066            0.3223880
1            2.0389557           13.0328542            9.3076642            0.1055425            0.0410490           -0.2291489
1            2.0706372           13.0564526           16.0699290           -0.1640120           -0.2067338           -0.3111218
1           12.3458013            2.3478333            2.5265852           -0.2455959            0.4540421            0.0636487
1           12.3281611            2.3784218            9.2707053           -0.0797441           -0.1973372            0.1429688
1           12.3313535            2.3688998           16.0011348           -0.0255562            0.0339431            0.2106703
1           10.2804997            5.9312476            2.5234481           -0.1171932            0.0211800            0.0510388
1           10.2960266            5.9380963            9.2646664           -0.1323844           -0.0969121            0.1690025
1           10.2316117            5.9275118           16.0281377            0.4453993           -0.0429045           -0.1574619
1            8.2299825            9.5261421            2.5136031           -0.0754284           -0.1960830            0.1489703
1            8.2138352            9.4938532            9.2651500            0.0320315            0.1526396            0.3049824
1            8.2090279            9.4888132           16.0076862            0.2050211            0.0961890            0.4005253
1            6.1383974           13.0604372            2.5611392            0.3544287           -0.1806241           -0.2682143
1            6.1637624           13.0478018            9.2789128           -0.0928667            0.1395243            0.0565850
1            6.1633360           13.0476841           16.0559339           -0.0296095            0.0268871           -0.3197151
1            2.0562803            1.1816304            5.8754734           -0.0514535            0.1319844            0.1160929
1            2.0548539            1.1850632           12.6537674            0.0014417           -0.0725238            0.0221355
1            2.0084341            1.1885053           19.4129497            0.4279065           -0.0930853           -0.2446995
1            0.0260064            4.7506077            5.9304918           -0.1618021           -0.0322869           -0.0486926
1            0.0179995            4.7303395           12.6373685           -0.2523877            0.1141983           -0.1215084
1            0.0050382            4.7476479           19.4475518           -0.0796743           -0.1121718           -0.4877903
1           -2.0725516            8.2962375            5.9273333            0.0679783           -0.0045023           -0.2081806
1           -2.0651344            8.3238854           12.6348994            0.0799528           -0.1894765            0.1478362
1           -2.0146933            8.2931494           19.3878504           -0.4920008            0.0597700            0.2742323
1           -4.1100462           11.8624331            5.9030015           -0.1181860           -0.0551259           -0.0324506
1           -4.1330791           11.8510880           12.6284716            0.2626530            0.0273785            0.3920433
1           -4.0653555           11.8656112           19.4152474           -0.5582420           -0.1433468           -0.0323262
1            6.1657509            1.1876524            5.9155608           -0.0367746           -0.0370955           -0.1577517
1            6.1446314            1.2032376           12.6846160            0.1918866           -0.1163015           -0.3658770
1            6.1626098            1.1728931           19.4114689           -0.2374773            0.1774333           -0.2009311
1            4.1090691            4.7443465            5.8613880            0.0634867           -0.0149613            0.4673650
1            4.1012692            4.7534268           12.6434569            0.1256372           -0.1697673            0.0796728
1            4.1061000            4.7434586           19.4230480            0.0411177            0.0238757           -0.2533651
1            2.0558108            8.3037180            5.9072560           -0.1914822           -0.0797900           -0.0980159
1            2.0550979            8.2908201           12.6750252           -0.2014471            0.1046780           -0.3876823
1            2.0497570            8.3009849           19.4331363            0.1644239           -0.1486533           -0.0501128
1           -0.0094792           11.8600918            5.8926122            0.1306209            0.1443595            0.1798321
1           -0.0047428           11.8658116           12.6505552           -0.0452593           -0.1279385            0.0658914
1            0.0000303           11.8625247           19.4442701            0.0465909           -0.0421812           -0.5086831
1           10.2553057            1.1861309            5.9468362            0.1591001            0.0704462           -0.4415479
1           10.2698821            1.1940854           12.6710171            0.1017443           -0.0617784           -0.1050766
1           10.2898710            1.1671539           19.4372984           -0.0843130            0.1259300           -0.3431222
1            8.2439348            4.7523359            5.9138734           -0.2431120           -0.0672572           -0.0992900
1            8.2355516            4.7519674           12.6813677           -0.3361425           -0.2477333           -0.3045038
1            8.2046215            4.7511738           19.3866505            0.2259468           -0.2944637            0.1275365
1            6.1345252            8.3057131            5.8932960            0.3707581           -0.0251084            0.0586452
1            6.1643884            8.2992384           12.6168842            0.0540407            0.1480132            0.3608439
1            6.1726911            8.2898973           19.3869003           -0.0052127            0.3077505            0.2518786
1            4.0883102           11.8615956            5.8925816            0.1881156            0.0372239            0.1377128
1            4.1260527           11.8459356           12.6681861           -0.2871241            0.1826142           -0.0909800
1            4.1174548           11.8308419           19.4365913            0.0336575            0.3636233           -0.0651690
1           14.3845328            1.1829790            5.8631789            0.0011976           -0.0135373            0.3189174
1           14.3785934            1.1907995           12.6512681           -0.0086207            0.1639555            0.2419226
1           14.3691053            1.1663229           19.4281578            0.1256802            0.3442429           -0.2239705
1           12.3532847            4.7235874            5.9168444           -0.2632667            0.2372976           -0.1010566
1           12.3273148            4.7450221           12.6584981           -0.0574321            0.3220934           -0.0611300
1           12.3262017            4.7415174           19.4036200            0.0199170            0.0259780            0.0587625
1           10.2984658            8.3055199            5.9122370           -0.2525142           -0.0551881           -0.1432722
1           10.2596817            8.3061326           12.6081411            0.1635196           -0.0748579            0.6061106
1           10.2645050            8.3096216           19.4354656            0.1751236           -0.0345212           -0.4186497
1            8.2159064           11.8443986            5.8999055           -0.0025538            0.0530438            0.1890098
1            8.1931974           11.8618929           12.6431733            0.2015386           -0.0668181            0.3230393
1            8.2180163           11.8612180           19.4081609            0.1132892            0.2850539            0.0682476
