4
         -20.6193930
         -20.9435482          -96.6605300          -10.6753137           23.2659168            0.0000000            0.0000000
           3.7916264            0.0000000            0.0000000
          -2.0095620            3.4806634            0.0000000
           0.0000000            0.0000000            6.2561605
0           -0.0758325            2.3204423            0.0000000
0            1.8578969            1.1602211            3.1280802
1           -0.0758325            2.3204423            2.3377539
1            1.8578969            1.1602211            5.4658342
