4
         -20.2917023
          49.3657267          230.7211998           24.8698810          -46.8243952            0.0000000            0.0000000
           3.7916264            0.0000000            0.0000000
          -1.7441481            3.0209532            0.0000000
           0.0000000            0.0000000            6.2561605
0            0.1011100            2.0139688            0.0000000
0            1.9463682            1.0069844            3.1280802
1            0.1011100            2.0139688            2.3377539
1            1.9463682            1.0069844            5.4658342
