4
         -20.3689883
         -29.9507391         -136.4477755          -16.0876762           33.8388939            0.0000000            0.0000000
           3.7916264            0.0000000            0.0000000
          -2.0853945            3.6120092            0.0000000
           0.0000000            0.0000000            6.2561605
0           -0.1263876            2.4080062            0.0000000
0            1.8326194            1.2040031            3.1280802
1           -0.1263876            2.4080062            2.3377539
1            1.8326194            1.2040031            5.4658342
