4
         -20.7429164
           9.6761798           45.0317274            4.7215757           -9.9571997            0.0000000            0.0000000
           3.7916264            0.0000000            0.0000000
          -1.8578969            3.2179719            0.0000000
           0.0000000            0.0000000            6.2561605
0            0.0252775            2.1453146            0.0000000
0            1.9084520            1.0726573            3.1280802
1            0.0252775            2.1453146            2.3377539
1            1.9084520            1.0726573            5.4658342
