4
         -20.7648148
           4.6534798           21.6330106            2.2739677           -4.8538640            0.0000000            0.0000000
           3.7916264            0.0000000            0.0000000
          -1.8768551            3.2508083            0.0000000
           0.0000000            0.0000000            6.2561605
0            0.0126387            2.1672056            0.0000000
0            1.9021326            1.0836028            3.1280802
1            0.0126387            2.1672056            2.3377539
1            1.9021326            1.0836028            5.4658342
