4
         -20.5054402
         -25.8501870         -118.6830407          -13.4760239           29.0114414            0.0000000            0.0000000
           3.7916264            0.0000000            0.0000000
          -2.0474782            3.5463363            0.0000000
           0.0000000            0.0000000            6.2561605
0           -0.1011101            2.3642242            0.0000000
0            1.8452582            1.1821121            3.1280802
1           -0.1011101            2.3642242            2.3377539
1            1.8452582            1.1821121            5.4658342
