4
         -20.6664166
         -18.1526281          -83.9088115           -9.1724850           20.0477073            0.0000000            0.0000000
           3.7916264            0.0000000            0.0000000
          -1.9906038            3.4478270            0.0000000
           0.0000000            0.0000000            6.2561605
0           -0.0631938            2.2985513            0.0000000
0            1.8642163            1.1492757            3.1280802
1           -0.0631938            2.2985513            2.3377539
1            1.8642163            1.1492757            5.4658342
