4
         -20.5106786
          34.0159556          159.1757594           16.9458677          -33.3328792            0.0000000            0.0000000
           3.7916264            0.0000000            0.0000000
          -1.7820644            3.0866261            0.0000000
           0.0000000            0.0000000            6.2561605
0            0.0758325            2.0577507            0.0000000
0            1.9337295            1.0288753            3.1280802
1            0.0758325            2.0577507            2.3377539
1            1.9337295            1.0288753            5.4658342
