4
         -20.4108145
          41.3848944          193.6159159           20.7243717          -39.9211858            0.0000000            0.0000000
           3.7916264            0.0000000            0.0000000
          -1.7631063            3.0537896            0.0000000
           0.0000000            0.0000000            6.2561605
0            0.0884713            2.0358598            0.0000000
0            1.9400488            1.0179299            3.1280802
1            0.0884713            2.0358598            2.3377539
1            1.9400488            1.0179299            5.4658342
