4
         -20.5655036
         -23.5155460         -108.2450875          -12.1049524           26.2635314            0.0000000            0.0000000
           3.7916264            0.0000000            0.0000000
          -2.0285201            3.5134999            0.0000000
           0.0000000            0.0000000            6.2561605
0           -0.0884713            2.3423333            0.0000000
0            1.8515776            1.1711666            3.1280802
1           -0.0884713            2.3423333            2.3377539
1            1.8515776            1.1711666            5.4658342
