4
         -20.7059224
         -15.1114968          -69.9409552           -7.5779485           16.5589739            0.0000000            0.0000000
           3.7916264            0.0000000            0.0000000
          -1.9716457            3.4149905            0.0000000
           0.0000000            0.0000000            6.2561605
0           -0.0505550            2.2766604            0.0000000
0            1.8705357            1.1383302            3.1280802
1           -0.0505550            2.2766604            2.3377539
1            1.8705357            1.1383302            5.4658342
