4
         -20.1518741
          57.9749747          270.6556787           29.3819765          -54.0148398            0.0000000            0.0000000
           3.7916264            0.0000000            0.0000000
          -1.7251900            2.9881167            0.0000000
           0.0000000            0.0000000            6.2561605
0            0.1137488            1.9920778            0.0000000
0            1.9526876            0.9960389            3.1280802
1            0.1137488            1.9920778            2.3377539
1            1.9526876            0.9960389            5.4658342
