4
         -20.6578989
          20.8944618           97.7196482           10.3104691          -21.0494396            0.0000000            0.0000000
           3.7916264            0.0000000            0.0000000
          -1.8199807            3.1522990            0.0000000
           0.0000000            0.0000000            6.2561605
0            0.0505550            2.1015327            0.0000000
0            1.9210907            1.0507663            3.1280802
1            0.0505550            2.1015327            2.3377539
1            1.9210907            1.0507663            5.4658342
