4
         -20.5926104
          27.1905974          127.2701204           13.4898083          -27.0386393            0.0000000            0.0000000
           3.7916264            0.0000000            0.0000000
          -1.8010225            3.1194625            0.0000000
           0.0000000            0.0000000            6.2561605
0            0.0631938            2.0796417            0.0000000
0            1.9274101            1.0398208            3.1280802
1            0.0631938            2.0796417            2.3377539
1            1.9274101            1.0398208            5.4658342
