4
         -20.4397214
         -27.9980488         -128.0657015          -14.8107444           31.5354427            0.0000000            0.0000000
           3.7916264            0.0000000            0.0000000
          -2.0664364            3.5791728            0.0000000
           0.0000000            0.0000000            6.2561605
0           -0.1137488            2.3861152            0.0000000
0            1.8389388            1.1930576            3.1280802
1           -0.1137488            2.3861152            2.3377539
1            1.8389388            1.1930576            5.4658342
