4
         -20.7372159
         -11.7803410          -54.6679193           -5.8843180           12.8287192            0.0000000            0.0000000
           3.7916264            0.0000000            0.0000000
          -1.9526876            3.3821541            0.0000000
           0.0000000            0.0000000            6.2561605
0           -0.0379163            2.2547694            0.0000000
0            1.8768551            1.1273847            3.1280802
1           -0.0379163            2.2547694            2.3377539
1            1.8768551            1.1273847            5.4658342
