4
         -20.7722050
          -4.2374356          -19.8375980           -2.1135869            4.5582747            0.0000000            0.0000000
           3.7916264            0.0000000            0.0000000
          -1.9147713            3.3164812            0.0000000
           0.0000000            0.0000000            6.2561605
0           -0.0126388            2.2109875            0.0000000
0            1.8894938            1.1054937            3.1280802
1           -0.0126388            2.2109875            2.3377539
1            1.8894938            1.1054937            5.4658342
