4
         -19.9898717
          67.3043822          313.5854269           34.3269159          -61.5200948            0.0000000            0.0000000
           3.7916264            0.0000000            0.0000000
          -1.7062319            2.9552803            0.0000000
           0.0000000            0.0000000            6.2561605
0            0.1263875            1.9701869            0.0000000
0            1.9590070            0.9850934            3.1280802
1            0.1263875            1.9701869            2.3377539
1            1.9590070            0.9850934            5.4658342
