4
         -20.7076240
          15.0622595           70.3344997            7.3981877          -15.3560308            0.0000000            0.0000000
           3.7916264            0.0000000            0.0000000
          -1.8389388            3.1851354            0.0000000
           0.0000000            0.0000000            6.2561605
0            0.0379162            2.1234236            0.0000000
0            1.9147713            1.0617118            3.1280802
1            0.0379162            2.1234236            2.3377539
1            1.9147713            1.0617118            5.4658342
