4
         -20.7595907
          -8.1612470          -38.0256848           -4.0748200            8.8229598            0.0000000            0.0000000
           3.7916264            0.0000000            0.0000000
          -1.9337294            3.3493177            0.0000000
           0.0000000            0.0000000            6.2561605
0           -0.0252775            2.2328784            0.0000000
0            1.8831744            1.1164392            3.1280802
1           -0.0252775            2.2328784            2.3377539
1            1.8831744            1.1164392            5.4658342
