4
         -20.7741962
           0.0101743            0.0101743            0.0144543            0.0000000            0.0000000            0.0000000
           3.7916264            0.0000000            0.0000000
          -1.8958132            3.2836448            0.0000000
           0.0000000            0.0000000            6.2561605
0           -0.0000000            2.1890965            0.0000000
0            1.8958132            1.0945482            3.1280802
1           -0.0000000            2.1890965            2.3377539
1            1.8958132            1.0945482            5.4658342
