4
         -20.7066821
           7.0530880            7.0530880           81.1876546            0.0000000            0.0000000            0.0000000
           3.7916264            0.0000000            0.0000000
          -1.8958132            3.2836448            0.0000000
           0.0000000            0.0000000            6.0684756
0           -0.0000000            2.1890965            0.0000000
0            1.8958132            1.0945482            3.0342378
1           -0.0000000            2.1890965            2.2676213
1            1.8958132            1.0945482            5.3018591
