4
         -20.4542923
         -16.1474991          -16.1474991         -137.6746215            0.0000000           -0.0000000            0.0000000
           3.7916264            0.0000000            0.0000000
          -1.8958132            3.2836448            0.0000000
           0.0000000            0.0000000            6.8192149
0           -0.0000000            2.1890965            0.0000000
0            1.8958132            1.0945482            3.4096075
1           -0.0000000            2.1890965            2.5481518
1            1.8958132            1.0945482            5.9577592
