4
         -20.5730710
         -13.0906128          -13.0906128         -117.3444730            0.0000000           -0.0000000            0.0000000
           3.7916264            0.0000000            0.0000000
          -1.8958132            3.2836448            0.0000000
           0.0000000            0.0000000            6.6940917
0           -0.0000000            2.1890965            0.0000000
0            1.8958132            1.0945482            3.3470458
1           -0.0000000            2.1890965            2.5013967
1            1.8958132            1.0945482            5.8484426
