4
         -20.7599067
          -4.1709700           -4.1709700          -42.3293133            0.0000000            0.0000000           -0.0000000
           3.7916264            0.0000000            0.0000000
          -1.8958132            3.2836448            0.0000000
           0.0000000            0.0000000            6.3812837
0           -0.0000000            2.1890965            0.0000000
0            1.8958132            1.0945482            3.1906418
1           -0.0000000            2.1890965            2.3845090
1            1.8958132            1.0945482            5.5751508
