4
         -20.3959920
          18.1741707           18.1741707          231.3638886            0.0000000            0.0000000            0.0000000
           3.7916264            0.0000000            0.0000000
          -1.8958132            3.2836448            0.0000000
           0.0000000            0.0000000            5.8182292
0           -0.0000000            2.1890965            0.0000000
0            1.8958132            1.0945482            2.9091146
1           -0.0000000            2.1890965            2.1741112
1            1.8958132            1.0945482            5.0832258
