4
         -20.7076835
          -7.9816269           -7.9816269          -77.1021872            0.0000000            0.0000000            0.0000000
           3.7916264            0.0000000            0.0000000
          -1.8958132            3.2836448            0.0000000
           0.0000000            0.0000000            6.5064069
0           -0.0000000            2.1890965            0.0000000
0            1.8958132            1.0945482            3.2532034
1           -0.0000000            2.1890965            2.4312641
1            1.8958132            1.0945482            5.6844675
