4
         -20.2683151
          21.3609690           21.3609690          278.2659204            0.0000000            0.0000000            0.0000000
           3.7916264            0.0000000            0.0000000
          -1.8958132            3.2836448            0.0000000
           0.0000000            0.0000000            5.7556676
0           -0.0000000            2.1890965            0.0000000
0            1.8958132            1.0945482            2.8778338
1           -0.0000000            2.1890965            2.1507336
1            1.8958132            1.0945482            5.0285674
