4
         -20.7647324
           2.2552158            2.2552158           24.4812820            0.0000000           -0.0000000            0.0000000
           3.7916264            0.0000000            0.0000000
          -1.8958132            3.2836448            0.0000000
           0.0000000            0.0000000            6.1935988
0           -0.0000000            2.1890965            0.0000000
0            1.8958132            1.0945482            3.0967994
1           -0.0000000            2.1890965            2.3143764
1            1.8958132            1.0945482            5.4111758
