4
         -20.1167989
          24.7358580           24.7358580          329.4279149            0.0000000            0.0000000            0.0000000
           3.7916264            0.0000000            0.0000000
          -1.8958132            3.2836448            0.0000000
           0.0000000            0.0000000            5.6931060
0           -0.0000000            2.1890965            0.0000000
0            1.8958132            1.0945482            2.8465530
1           -0.0000000            2.1890965            2.1273561
1            1.8958132            1.0945482            4.9739091
