4
         -20.7380897
          -6.1166226           -6.1166226          -60.5559618            0.0000000            0.0000000            0.0000000
           3.7916264            0.0000000            0.0000000
          -1.8958132            3.2836448            0.0000000
           0.0000000            0.0000000            6.4438453
0           -0.0000000            2.1890965            0.0000000
0            1.8958132            1.0945482            3.2219226
1           -0.0000000            2.1890965            2.4078865
1            1.8958132            1.0945482            5.6298092
