4
         -20.7723275
          -2.1123205           -2.1123205          -22.1991280            0.0000000            0.0000000            0.0000000
           3.7916264            0.0000000            0.0000000
          -1.8958132            3.2836448            0.0000000
           0.0000000            0.0000000            6.3187221
0           -0.0000000            2.1890965            0.0000000
0            1.8958132            1.0945482            3.1593610
1           -0.0000000            2.1890965            2.3611315
1            1.8958132            1.0945482            5.5204925
