4
         -20.3879867
         -17.5919525          -17.5919525         -146.1571805            0.0000000            0.0000000            0.0000000
           3.7916264            0.0000000            0.0000000
          -1.8958132            3.2836448            0.0000000
           0.0000000            0.0000000            6.8817765
0           -0.0000000            2.1890965            0.0000000
0            1.8958132            1.0945482            3.4408883
1           -0.0000000            2.1890965            2.5715293
1            1.8958132            1.0945482            6.0124176
