4
         -20.6244145
         -11.4692043          -11.4692043         -105.5106714            0.0000000           -0.0000000            0.0000000
           3.7916264            0.0000000            0.0000000
          -1.8958132            3.2836448            0.0000000
           0.0000000            0.0000000            6.6315301
0           -0.0000000            2.1890965            0.0000000
0            1.8958132            1.0945482            3.3157650
1           -0.0000000            2.1890965            2.4780192
1            1.8958132            1.0945482            5.7937842
