4
         -20.5161542
         -14.6492234          -14.6492234         -128.0911126            0.0000000           -0.0000000            0.0000000
           3.7916264            0.0000000            0.0000000
          -1.8958132            3.2836448            0.0000000
           0.0000000            0.0000000            6.7566533
0           -0.0000000            2.1890965            0.0000000
0            1.8958132            1.0945482            3.3783266
1           -0.0000000            2.1890965            2.5247742
1            1.8958132            1.0945482            5.9031009
