4
         -19.9392636
          28.3331370           28.3331370          385.2365394            0.0000000            0.0000000            0.0000000
           3.7916264            0.0000000            0.0000000
          -1.8958132            3.2836448            0.0000000
           0.0000000            0.0000000            5.6305444
0           -0.0000000            2.1890965            0.0000000
0            1.8958132            1.0945482            2.8152722
1           -0.0000000            2.1890965            2.1039785
1            1.8958132            1.0945482            4.9192507
