4
         -20.5877626
          12.3475851           12.3475851          149.5283315            0.0000000            0.0000000            0.0000000
           3.7916264            0.0000000            0.0000000
          -1.8958132            3.2836448            0.0000000
           0.0000000            0.0000000            5.9433524
0           -0.0000000            2.1890965            0.0000000
0            1.8958132            1.0945482            2.9716762
1           -0.0000000            2.1890965            2.2208662
1            1.8958132            1.0945482            5.1925425
