4
         -23.6503345
         -16.3883937          -63.3518539          -69.6875240           14.0452517            0.0000000            0.0000000
           3.7995820            0.0000000            0.0000000
          -1.9567847            3.3892505            0.0000000
           0.0000000            0.0000000            6.4748886
0           -0.0379958            2.2595004            0.0000000
0            1.8807931            1.1297502            3.2374443
0           -0.0379958            2.2595004            2.4206938
0            1.8807931            1.1297502            5.6581381
