4
         -23.7064686
         -11.5521882          -44.4299039          -49.0956356            9.7310846            0.0000000            0.0000000
           3.7995820            0.0000000            0.0000000
          -1.9377868            3.3563452            0.0000000
           0.0000000            0.0000000            6.4120256
0           -0.0253306            2.2375635            0.0000000
0            1.8871257            1.1187817            3.2060128
0           -0.0253306            2.2375635            2.3971919
0            1.8871257            1.1187817            5.6032047
