4
         -23.3642171
         -27.6868692         -108.8603787         -118.1629493           24.8875662            0.0000000            0.0000000
           3.7995820            0.0000000            0.0000000
          -2.0137784            3.4879666            0.0000000
           0.0000000            0.0000000            6.6634776
0           -0.0759917            2.3253111            0.0000000
0            1.8617952            1.1626555            3.3317388
0           -0.0759917            2.3253111            2.4911995
0            1.8617952            1.1626555            5.8229382
