4
         -22.6420355
          88.3427708          285.5305562          335.3335633          -50.1755139            0.0000000            0.0000000
           3.7995820            0.0000000            0.0000000
          -1.7478077            3.0272917            0.0000000
           0.0000000            0.0000000            5.7833956
0            0.1013222            2.0181945            0.0000000
0            1.9504521            1.0090972            2.8916978
0            0.1013222            2.0181945            2.1621731
0            1.9504521            1.0090972            5.0538709
