4
         -21.9416150
         124.1117102          393.9945442          467.2778804          -64.0593681            0.0000000            0.0000000
           3.7995820            0.0000000            0.0000000
          -1.7098119            2.9614811            0.0000000
           0.0000000            0.0000000            5.6576696
0            0.1266527            1.9743207            0.0000000
0            1.9631174            0.9871603            2.8288348
0            0.1266527            1.9743207            2.1151694
0            1.9631174            0.9871603            4.9440042
