4
         -22.7679704
         -36.8756075         -148.1138797         -157.9470800           34.7748454            0.0000000            0.0000000
           3.7995820            0.0000000            0.0000000
          -2.0897701            3.6195880            0.0000000
           0.0000000            0.0000000            6.9149295
0           -0.1266528            2.4130586            0.0000000
0            1.8364646            1.2065293            3.4574648
0           -0.1266528            2.4130586            2.5852070
0            1.8364646            1.2065293            6.0426718
