4
         -23.6021873
          23.5468541           85.2123627           96.5181519          -17.2192250            0.0000000            0.0000000
           3.7995820            0.0000000            0.0000000
          -1.8427973            3.1918185            0.0000000
           0.0000000            0.0000000            6.0977106
0            0.0379958            2.1278790            0.0000000
0            1.9187889            1.0639395            3.0488553
0            0.0379958            2.1278790            2.2796825
0            1.9187889            1.0639395            5.3285378
