4
         -23.2351346
         -30.5195169         -120.7435170         -130.4726456           27.8385500            0.0000000            0.0000000
           3.7995820            0.0000000            0.0000000
          -2.0327763            3.5208719            0.0000000
           0.0000000            0.0000000            6.7263406
0           -0.0886569            2.3472480            0.0000000
0            1.8554625            1.1736240            3.3631703
0           -0.0886569            2.3472480            2.5147013
0            1.8554625            1.1736240            5.8778716
