4
         -23.7397912
          -6.1041333          -23.3711061          -25.9324685            5.0501855            0.0000000            0.0000000
           3.7995820            0.0000000            0.0000000
          -1.9187889            3.3234399            0.0000000
           0.0000000            0.0000000            6.3491626
0           -0.0126653            2.2156266            0.0000000
0            1.8934584            1.1078133            3.1745813
0           -0.0126653            2.2156266            2.3736900
0            1.8934584            1.1078133            5.5482713
