4
         -23.3385619
          44.6716068          156.0854640          178.9874196          -30.3942234            0.0000000            0.0000000
           3.7995820            0.0000000            0.0000000
          -1.8048014            3.1260078            0.0000000
           0.0000000            0.0000000            5.9719846
0            0.0633263            2.0840052            0.0000000
0            1.9314542            1.0420026            2.9859923
0            0.0633263            2.0840052            2.2326788
0            1.9314542            1.0420026            5.2186711
