4
         -23.1492677
          57.8897959          195.5553048          226.0450435          -36.8838346            0.0000000            0.0000000
           3.7995820            0.0000000            0.0000000
          -1.7858035            3.0931024            0.0000000
           0.0000000            0.0000000            5.9091216
0            0.0759916            2.0620683            0.0000000
0            1.9377868            1.0310341            2.9545608
0            0.0759916            2.0620683            2.2091769
0            1.9377868            1.0310341            5.1637377
