4
         -23.6816894
          14.5519942           54.3275106           61.1369327          -11.1955142            0.0000000            0.0000000
           3.7995820            0.0000000            0.0000000
          -1.8617952            3.2247238            0.0000000
           0.0000000            0.0000000            6.1605736
0            0.0253305            2.1498159            0.0000000
0            1.9124563            1.0749079            3.0802868
0            0.0253305            2.1498159            2.3031844
0            1.9124563            1.0749079            5.3834712
