4
         -22.9356295
         -35.0088922         -140.3080574         -150.2434436           32.8096335            0.0000000            0.0000000
           3.7995820            0.0000000            0.0000000
          -2.0707722            3.5866826            0.0000000
           0.0000000            0.0000000            6.8520665
0           -0.1139875            2.3911218            0.0000000
0            1.8427973            1.1955609            3.4260333
0           -0.1139875            2.3911218            2.5617051
0            1.8427973            1.1955609            5.9877384
