4
         -22.9179962
          72.1095363          239.0747659          278.2043393          -43.8306160            0.0000000            0.0000000
           3.7995820            0.0000000            0.0000000
          -1.7668056            3.0601971            0.0000000
           0.0000000            0.0000000            5.8462586
0            0.0886569            2.0401314            0.0000000
0            1.9441195            1.0200657            2.9231293
0            0.0886569            2.0401314            2.1856750
0            1.9441195            1.0200657            5.1088043
