4
         -23.5734595
         -20.6610036          -80.2926720          -87.9393566           18.0022451            0.0000000            0.0000000
           3.7995820            0.0000000            0.0000000
          -1.9757826            3.4221559            0.0000000
           0.0000000            0.0000000            6.5377516
0           -0.0506611            2.2814373            0.0000000
0            1.8744605            1.1407186            3.2688758
0           -0.0506611            2.2814373            2.4441957
0            1.8744605            1.1407186            5.7130715
