4
         -23.7296801
           6.8280408           25.8766917           28.9690196           -5.4207222            0.0000000            0.0000000
           3.7995820            0.0000000            0.0000000
          -1.8807931            3.2576292            0.0000000
           0.0000000            0.0000000            6.2234366
0            0.0126653            2.1717528            0.0000000
0            1.9061236            1.0858764            3.1117183
0            0.0126653            2.1717528            2.3266863
0            1.9061236            1.0858764            5.4384046
