4
         -23.6341998
         -45.0858657          -67.5092243          -70.9191211            6.5882843            0.0000000            0.0000000
           3.8565757            0.0000000            0.0000000
          -1.9567847            3.3892505            0.0000000
           0.0000000            0.0000000            6.4748886
0           -0.0189979            2.2595004            0.0000000
0            1.9187889            1.1297502            3.2374443
0           -0.0189979            2.2595004            2.4206938
0            1.9187889            1.1297502            5.6581381
