4
         -21.5607071
         316.0479500          472.0790224          519.3791255          -41.5059848            0.0000000            0.0000000
           3.6096029            0.0000000            0.0000000
          -1.7098119            2.9614811            0.0000000
           0.0000000            0.0000000            5.6576696
0            0.0633263            1.9743207            0.0000000
0            1.8364646            0.9871603            2.8288348
0            0.0633263            1.9743207            2.1151694
0            1.8364646            0.9871603            4.9440042
