4
         -23.6689931
          39.6305236           60.2579080           64.2804070           -5.8649638            0.0000000            0.0000000
           3.7615861            0.0000000            0.0000000
          -1.8617952            3.2247238            0.0000000
           0.0000000            0.0000000            6.1605736
0            0.0126653            2.1498159            0.0000000
0            1.8871257            1.0749079            3.0802868
0            0.0126653            2.1498159            2.3031844
0            1.8871257            1.0749079            5.3834712
