4
         -22.7512147
         185.8379966          279.0868948          303.6866951          -25.9691917            0.0000000            0.0000000
           3.6665966            0.0000000            0.0000000
          -1.7668056            3.0601971            0.0000000
           0.0000000            0.0000000            5.8462586
0            0.0443284            2.0401314            0.0000000
0            1.8554625            1.0200657            2.9231293
0            0.0443284            2.0401314            2.1856750
0            1.8554625            1.0200657            5.1088043
