4
         -22.4157741
         224.9099455          337.8258071          368.8078717          -30.5767192            0.0000000            0.0000000
           3.6475987            0.0000000            0.0000000
          -1.7478077            3.0272917            0.0000000
           0.0000000            0.0000000            5.7833956
0            0.0506611            2.0181945            0.0000000
0            1.8491299            1.0090972            2.8916978
0            0.0506611            2.0181945            2.1621731
0            1.8491299            1.0090972            5.0538709
