4
         -23.6997264
         -31.7618329          -47.7078119          -50.2782005            4.6594863            0.0000000            0.0000000
           3.8375778            0.0000000            0.0000000
          -1.9377868            3.3563452            0.0000000
           0.0000000            0.0000000            6.4120256
0           -0.0126653            2.2375635            0.0000000
0            1.9124563            1.1187817            3.2060128
0           -0.0126653            2.2375635            2.3971919
0            1.9124563            1.1187817            5.6032047
