4
         -23.0309007
         150.2541841          226.1661301          245.0468483          -21.4299076            0.0000000            0.0000000
           3.6855945            0.0000000            0.0000000
          -1.7858035            3.0931024            0.0000000
           0.0000000            0.0000000            5.9091216
0            0.0379958            2.0620683            0.0000000
0            1.8617952            1.0310341            2.9545608
0            0.0379958            2.0620683            2.2091769
0            1.8617952            1.0310341            5.1637377
