4
         -23.7482782
          -0.0000798           -0.0000798            0.0001847            0.0000000            0.0000000            0.0000000
           3.7995820            0.0000000            0.0000000
          -1.8997910            3.2905345            0.0000000
           0.0000000            0.0000000            6.2862996
0           -0.0000000            2.1936897            0.0000000
0            1.8997910            1.0968448            3.1431498
0           -0.0000000            2.1936897            2.3501882
0            1.8997910            1.0968448            5.4933380
