4
         -23.4385736
          89.2622838          134.6770924          144.8573363          -12.9874308            0.0000000            0.0000000
           3.7235903            0.0000000            0.0000000
          -1.8237993            3.1589131            0.0000000
           0.0000000            0.0000000            6.0348476
0            0.0253305            2.1059421            0.0000000
0            1.8744605            1.0529710            3.0174238
0            0.0253305            2.1059421            2.2561806
0            1.8744605            1.0529710            5.2736044
