4
         -22.6063965
        -102.1316623         -149.6534961         -153.6758564           14.2352122            0.0000000            0.0000000
           3.9895611            0.0000000            0.0000000
          -2.0897701            3.6195880            0.0000000
           0.0000000            0.0000000            6.9149295
0           -0.0633264            2.4130586            0.0000000
0            1.9631174            1.2065293            3.4574648
0           -0.0633264            2.4130586            2.5852070
0            1.9631174            1.2065293            6.0426718
