4
         -22.0204189
         268.1865933          402.2326680          440.6579674          -35.7300121            0.0000000            0.0000000
           3.6286008            0.0000000            0.0000000
          -1.7288098            2.9943864            0.0000000
           0.0000000            0.0000000            5.7205326
0            0.0569937            1.9962576            0.0000000
0            1.8427973            0.9981288            2.8602663
0            0.0569937            1.9962576            2.1386712
0            1.8427973            0.9981288            4.9989375
