4
         -23.3000861
         -76.4158280         -113.3829283         -117.9589797           10.9837289            0.0000000            0.0000000
           3.9135694            0.0000000            0.0000000
          -2.0137784            3.4879666            0.0000000
           0.0000000            0.0000000            6.6634776
0           -0.0379958            2.3253111            0.0000000
0            1.9377868            1.1626555            3.3317388
0           -0.0379958            2.3253111            2.4911995
0            1.9377868            1.1626555            5.8229382
