4
         -22.9828100
         -91.2390379         -134.5444470         -139.0631256           12.9316495            0.0000000            0.0000000
           3.9515652            0.0000000            0.0000000
          -2.0517743            3.5537773            0.0000000
           0.0000000            0.0000000            6.7892035
0           -0.0506611            2.3691849            0.0000000
0            1.9504521            1.1845924            3.3946018
0           -0.0506611            2.3691849            2.5382032
0            1.9504521            1.1845924            5.9328050
