4
         -23.4323091
         -67.2870159         -100.1440010         -104.5323834            9.7301627            0.0000000            0.0000000
           3.8945715            0.0000000            0.0000000
          -1.9947805            3.4550612            0.0000000
           0.0000000            0.0000000            6.6006146
0           -0.0316632            2.3033742            0.0000000
0            1.9314542            1.1516871            3.3003073
0           -0.0316632            2.3033742            2.4676976
0            1.9314542            1.1516871            5.7680049
