4
         -23.7385955
         -16.7836971          -25.2861274          -26.7234673            2.4701982            0.0000000            0.0000000
           3.8185799            0.0000000            0.0000000
          -1.9187889            3.3234399            0.0000000
           0.0000000            0.0000000            6.3491626
0           -0.0063327            2.2156266            0.0000000
0            1.9061236            1.1078133            3.1745813
0           -0.0063327            2.2156266            2.3736900
0            1.9061236            1.1078133            5.5482713
