4
         -22.8011639
         -97.1329921         -142.7856076         -147.1001921           13.6564120            0.0000000            0.0000000
           3.9705631            0.0000000            0.0000000
          -2.0707722            3.5866826            0.0000000
           0.0000000            0.0000000            6.8520665
0           -0.0569938            2.3911218            0.0000000
0            1.9567847            1.1955609            3.4260333
0           -0.0569938            2.3911218            2.5617051
0            1.9567847            1.1955609            5.9877384
