4
         -23.1496671
         -84.3622990         -124.7951768         -129.4063481           12.0454392            0.0000000            0.0000000
           3.9325673            0.0000000            0.0000000
          -2.0327763            3.5208719            0.0000000
           0.0000000            0.0000000            6.7263406
0           -0.0443285            2.3472480            0.0000000
0            1.9441195            1.1736240            3.3631703
0           -0.0443285            2.3472480            2.5147013
0            1.9441195            1.1736240            5.8778716
