4
         -23.7260211
          18.7494265           28.4174017           30.2217915           -2.7724382            0.0000000            0.0000000
           3.7805840            0.0000000            0.0000000
          -1.8807931            3.2576292            0.0000000
           0.0000000            0.0000000            6.2234366
0            0.0063326            2.1717528            0.0000000
0            1.8934584            1.0858764            3.1117183
0            0.0063326            2.1717528            2.3266863
0            1.8934584            1.0858764            5.4384046
