4
         -17.3347534
         -29.2134952          -82.6686882          -87.7685860           17.4577207            0.0000000            0.0000000
           4.2402841            0.0000000            0.0000000
          -2.3109548            4.0026912            0.0000000
           0.0000000            0.0000000            7.6002467
0           -0.1272085            2.6684608            0.0000000
0            2.0565378            1.3342304            3.8001233
1           -0.1272085            2.6684608            2.8441804
1            2.0565378            1.3342304            6.6443037
