4
         -17.8933452
          11.5182197           34.3810115           38.6126456           -6.3433748            0.0000000            0.0000000
           4.2402841            0.0000000            0.0000000
          -2.0777392            3.5987499            0.0000000
           0.0000000            0.0000000            6.8332493
0            0.0282685            2.3991666            0.0000000
0            2.1342764            1.1995833            3.4166247
1            0.0282685            2.3991666            2.5571530
1            2.1342764            1.1995833            5.9737776
