4
         -16.9216120
          65.0114966          195.9208660          226.7223589          -31.3499501            0.0000000            0.0000000
           4.2402841            0.0000000            0.0000000
          -1.9505307            3.3784183            0.0000000
           0.0000000            0.0000000            6.4148871
0            0.1130742            2.2522789            0.0000000
0            2.1766792            1.1261394            3.2074436
1            0.1130742            2.2522789            2.4005926
1            2.1766792            1.1261394            5.6080362
