4
         -17.3989847
          43.2560382          130.3099356          149.1810393          -22.0539919            0.0000000            0.0000000
           4.2402841            0.0000000            0.0000000
          -1.9929335            3.4518621            0.0000000
           0.0000000            0.0000000            6.5543412
0            0.0848057            2.3012414            0.0000000
0            2.1625449            1.1506207            3.2771706
1            0.0848057            2.3012414            2.4527794
1            2.1625449            1.1506207            5.7299500
