4
         -17.4562404
         -27.2468294          -77.6283439          -82.7746159           16.2923157            0.0000000            0.0000000
           4.2402841            0.0000000            0.0000000
          -2.2897534            3.9659693            0.0000000
           0.0000000            0.0000000            7.5305197
0           -0.1130743            2.6439795            0.0000000
0            2.0636050            1.3219897            3.7652598
1           -0.1130743            2.6439795            2.8180870
1            2.0636050            1.3219897            6.5833468
