4
         -17.8189916
          18.2103211           54.6283346           61.6170801           -9.9035692            0.0000000            0.0000000
           4.2402841            0.0000000            0.0000000
          -2.0565378            3.5620280            0.0000000
           0.0000000            0.0000000            6.7635223
0            0.0424028            2.3746853            0.0000000
0            2.1413435            1.1873426            3.3817611
1            0.0424028            2.3746853            2.5310596
1            2.1413435            1.1873426            5.9128207
