4
         -17.8321290
         -16.6053002          -48.4798169          -52.8320678            9.8401552            0.0000000            0.0000000
           4.2402841            0.0000000            0.0000000
          -2.2049477            3.8190815            0.0000000
           0.0000000            0.0000000            7.2516115
0           -0.0565371            2.5460544            0.0000000
0            2.0918735            1.2730272            3.6258058
1           -0.0565371            2.5460544            2.7137134
1            2.0918735            1.2730272            6.3395191
