4
         -17.6687329
         -22.5312697          -65.0375892          -70.0712705           13.4565348            0.0000000            0.0000000
           4.2402841            0.0000000            0.0000000
          -2.2473506            3.8925254            0.0000000
           0.0000000            0.0000000            7.3910656
0           -0.0848057            2.5950169            0.0000000
0            2.0777392            1.2975085            3.6955328
1           -0.0848057            2.5950169            2.7659002
1            2.0777392            1.2975085            6.4614330
