4
         -17.7138401
          25.6909177           77.2015936           87.5274435          -13.7231326            0.0000000            0.0000000
           4.2402841            0.0000000            0.0000000
          -2.0353364            3.5253060            0.0000000
           0.0000000            0.0000000            6.6937953
0            0.0565371            2.3502040            0.0000000
0            2.1484106            1.1751020            3.3468976
1            0.0565371            2.3502040            2.5049662
1            2.1484106            1.1751020            5.8518638
