4
         -17.2047656
         -31.0152855          -86.8956473          -91.9482267           18.4789380            0.0000000            0.0000000
           4.2402841            0.0000000            0.0000000
          -2.3321563            4.0394131            0.0000000
           0.0000000            0.0000000            7.6699737
0           -0.1413428            2.6929421            0.0000000
0            2.0494707            1.3464710            3.8349869
1           -0.1413428            2.6929421            2.8702738
1            2.0494707            1.3464710            6.7052606
