4
         -17.9395408
           5.4588615           16.2166924           18.1471883           -3.0535493            0.0000000            0.0000000
           4.2402841            0.0000000            0.0000000
          -2.0989406            3.6354718            0.0000000
           0.0000000            0.0000000            6.9029764
0            0.0141343            2.4236479            0.0000000
0            2.1272092            1.2118239            3.4514882
1            0.0141343            2.4236479            2.5832464
1            2.1272092            1.2118239            6.0347346
