4
         -17.8915473
         -13.0931654          -38.4438626          -42.0614845            7.7134531            0.0000000            0.0000000
           4.2402841            0.0000000            0.0000000
          -2.1837463            3.7823596            0.0000000
           0.0000000            0.0000000            7.1818845
0           -0.0424029            2.5215731            0.0000000
0            2.0989407            1.2607865            3.5909422
1           -0.0424029            2.5215731            2.6876200
1            2.0989407            1.2607865            6.2785622
