4
         -16.6121792
          77.7316212          234.1615587          272.3373353          -36.3177007            0.0000000            0.0000000
           4.2402841            0.0000000            0.0000000
          -1.9293293            3.3416963            0.0000000
           0.0000000            0.0000000            6.3451601
0            0.1272085            2.2277976            0.0000000
0            2.1837463            1.1138988            3.1725800
1            0.1272085            2.2277976            2.3744992
1            2.1837463            1.1138988            5.5470792
