4
         -17.9339704
          -9.1974148          -27.1264129          -29.8807808            5.3750919            0.0000000            0.0000000
           4.2402841            0.0000000            0.0000000
          -2.1625449            3.7456376            0.0000000
           0.0000000            0.0000000            7.1121575
0           -0.0282686            2.4970918            0.0000000
0            2.1060078            1.2485459            3.5560787
1           -0.0282686            2.4970918            2.6615266
1            2.1060078            1.2485459            6.2176053
