4
         -18.6738989
         -91.7599411          -29.6670830          -96.2489539          -16.1192831            0.0000000            0.0000000
           4.4378680            0.0000000            0.0000000
          -2.0545685            3.5586170            0.0000000
           0.0000000            0.0000000            7.2917193
0            0.1095770            2.3724114            0.0000000
0            2.2737225            1.1862057            3.6458597
1            0.1095770            2.3724114            2.7295901
1            2.2737225            1.1862057            6.3754497
