4
         -19.2421357
         -16.6696345           -5.5618585          -18.4043200           -3.1627071            0.0000000            0.0000000
           4.1502284            0.0000000            0.0000000
          -2.0545685            3.5586170            0.0000000
           0.0000000            0.0000000            6.8191079
0            0.0136971            2.3724114            0.0000000
0            2.0819628            1.1862057            3.4095539
1            0.0136971            2.3724114            2.5526722
1            2.0819628            1.1862057            5.9622262
