4
         -17.5465854
         299.1896306          114.8605823          363.5873272           65.9086145            0.0000000            0.0000000
           3.6982233            0.0000000            0.0000000
          -2.0545685            3.5586170            0.0000000
           0.0000000            0.0000000            6.0764328
0           -0.1369713            2.3724114            0.0000000
0            1.7806260            1.1862057            3.0382164
1           -0.1369713            2.3724114            2.2746584
1            1.7806260            1.1862057            5.3128748
