4
         -19.1609328
         -44.9477933          -14.8110890          -48.7750144           -8.3143537            0.0000000            0.0000000
           4.2324111            0.0000000            0.0000000
          -2.0545685            3.5586170            0.0000000
           0.0000000            0.0000000            6.9541397
0            0.0410913            2.3724114            0.0000000
0            2.1367513            1.1862057            3.4770699
1            0.0410913            2.3724114            2.6032202
1            2.1367513            1.1862057            6.0802900
