4
         -18.8815597
         114.3449846           40.6121986          132.4118433           23.4354580            0.0000000            0.0000000
           3.9036801            0.0000000            0.0000000
          -2.0545685            3.5586170            0.0000000
           0.0000000            0.0000000            6.4140124
0           -0.0684856            2.3724114            0.0000000
0            1.9175973            1.1862057            3.2070062
1           -0.0684856            2.3724114            2.4010283
1            1.9175973            1.1862057            5.6080345
