4
         -19.0079865
         -67.2945336          -21.9474992          -72.0617482          -12.1620681            0.0000000            0.0000000
           4.3145938            0.0000000            0.0000000
          -2.0545685            3.5586170            0.0000000
           0.0000000            0.0000000            7.0891716
0            0.0684856            2.3724114            0.0000000
0            2.1915397            1.1862057            3.5445858
1            0.0684856            2.3724114            2.6537681
1            2.1915397            1.1862057            6.1983539
