4
         -18.7053938
         144.7875661           52.1224547          169.2548726           30.0891173            0.0000000            0.0000000
           3.8625888            0.0000000            0.0000000
          -2.0545685            3.5586170            0.0000000
           0.0000000            0.0000000            6.3464965
0           -0.0821828            2.3724114            0.0000000
0            1.8902030            1.1862057            3.1732482
1           -0.0821828            2.3724114            2.3757543
1            1.8902030            1.1862057            5.5490026
