4
         -19.1224978
          61.6037102           21.3491742           70.1140331           12.2647022            0.0000000            0.0000000
           3.9858629            0.0000000            0.0000000
          -2.0545685            3.5586170            0.0000000
           0.0000000            0.0000000            6.5490442
0           -0.0410914            2.3724114            0.0000000
0            1.9723858            1.1862057            3.2745221
1           -0.0410914            2.3724114            2.4515763
1            1.9723858            1.1862057            5.7260984
