4
         -18.2245152
         214.9507316           79.7715572          256.1107806           45.9610228            0.0000000            0.0000000
           3.7804060            0.0000000            0.0000000
          -2.0545685            3.5586170            0.0000000
           0.0000000            0.0000000            6.2114646
0           -0.1095770            2.3724114            0.0000000
0            1.8354145            1.1862057            3.1057323
1           -0.1095770            2.3724114            2.3252064
1            1.8354145            1.1862057            5.4309387
