4
         -19.2114529
         -31.6087547          -10.4777350          -34.5773973           -5.9155997            0.0000000            0.0000000
           4.1913197            0.0000000            0.0000000
          -2.0545685            3.5586170            0.0000000
           0.0000000            0.0000000            6.8866238
0            0.0273942            2.3724114            0.0000000
0            2.1093570            1.1862057            3.4433119
1            0.0273942            2.3724114            2.5779462
1            2.1093570            1.1862057            6.0212581
