4
         -19.0195274
          86.6795550           30.3974002           99.4723592           17.5143164            0.0000000            0.0000000
           3.9447715            0.0000000            0.0000000
          -2.0545685            3.5586170            0.0000000
           0.0000000            0.0000000            6.4815283
0           -0.0547885            2.3724114            0.0000000
0            1.9449915            1.1862057            3.2407641
1           -0.0547885            2.3724114            2.4263023
1            1.9449915            1.1862057            5.6670664
