4
         -19.1935379
          38.9517003           13.3511465           43.9728805            7.6429168            0.0000000            0.0000000
           4.0269543            0.0000000            0.0000000
          -2.0545685            3.5586170            0.0000000
           0.0000000            0.0000000            6.6165601
0           -0.0273943            2.3724114            0.0000000
0            1.9997800            1.1862057            3.3082801
1           -0.0273943            2.3724114            2.4768503
1            1.9997800            1.1862057            5.7851303
