4
         -18.7972354
         -84.6406109          -27.4270889          -89.4440908          -15.0026564            0.0000000            0.0000000
           4.3967766            0.0000000            0.0000000
          -2.0545685            3.5586170            0.0000000
           0.0000000            0.0000000            7.2242034
0            0.0958798            2.3724114            0.0000000
0            2.2463282            1.1862057            3.6121017
1            0.0958798            2.3724114            2.7043161
1            2.2463282            1.1862057            6.3164178
