4
         -18.4876012
         178.2447195           65.1290289          210.3432188           37.5641303            0.0000000            0.0000000
           3.8214974            0.0000000            0.0000000
          -2.0545685            3.5586170            0.0000000
           0.0000000            0.0000000            6.2789805
0           -0.0958799            2.3724114            0.0000000
0            1.8628088            1.1862057            3.1394903
1           -0.0958799            2.3724114            2.3504804
1            1.8628088            1.1862057            5.4899706
