4
         -18.3978073
        -103.2229373          -33.3194645         -106.7595045          -17.8611596            0.0000000            0.0000000
           4.5200507            0.0000000            0.0000000
          -2.0545685            3.5586170            0.0000000
           0.0000000            0.0000000            7.4267512
0            0.1369712            2.3724114            0.0000000
0            2.3285110            1.1862057            3.7133756
1            0.1369712            2.3724114            2.7801381
1            2.3285110            1.1862057            6.4935136
