4
         -18.9090495
         -76.5161965          -24.8614763          -81.4213724          -13.6873391            0.0000000            0.0000000
           4.3556852            0.0000000            0.0000000
          -2.0545685            3.5586170            0.0000000
           0.0000000            0.0000000            7.1566875
0            0.0821827            2.3724114            0.0000000
0            2.2189340            1.1862057            3.5783437
1            0.0821827            2.3724114            2.6790421
1            2.2189340            1.1862057            6.2573859
