4
         -19.0925186
         -56.8161954          -18.6164755          -61.2230036          -10.3859050            0.0000000            0.0000000
           4.2735025            0.0000000            0.0000000
          -2.0545685            3.5586170            0.0000000
           0.0000000            0.0000000            7.0216556
0            0.0547885            2.3724114            0.0000000
0            2.1641455            1.1862057            3.5108278
1            0.0547885            2.3724114            2.6284942
1            2.1641455            1.1862057            6.1393220
