4
         -17.6150753
         310.0463686          211.9768386          341.4369374           31.2812731            0.0000000            0.0000000
           3.7393147            0.0000000            0.0000000
          -1.9621129            3.3984793            0.0000000
           0.0000000            0.0000000            6.1439487
0           -0.0616371            2.2656529            0.0000000
0            1.8388388            1.1328264            3.0719743
1           -0.0616371            2.2656529            2.2999324
1            1.8388388            1.1328264            5.3719067
