4
         -19.1421349
         -48.5176063          -34.3994669          -50.4497792           -3.9874698            0.0000000            0.0000000
           4.2324111            0.0000000            0.0000000
          -2.0853870            3.6119963            0.0000000
           0.0000000            0.0000000            6.9541397
0            0.0205457            2.4079975            0.0000000
0            2.1264784            1.2039987            3.4770699
1            0.0205457            2.4079975            2.6032202
1            2.1264784            1.2039987            6.0802900
