4
         -18.3193402
         212.0171454          145.5533798          231.0035502           20.6347704            0.0000000            0.0000000
           3.8214974            0.0000000            0.0000000
          -1.9826586            3.4340654            0.0000000
           0.0000000            0.0000000            6.2789805
0           -0.0479400            2.2893770            0.0000000
0            1.8867788            1.1446885            3.1394903
1           -0.0479400            2.2893770            2.3504804
1            1.8867788            1.1446885            5.4899706
