4
         -18.3922624
        -100.2807952          -73.0883134         -101.9671118           -7.4600864            0.0000000            0.0000000
           4.4789593            0.0000000            0.0000000
          -2.1470241            3.7187548            0.0000000
           0.0000000            0.0000000            7.3592352
0            0.0616370            2.4791699            0.0000000
0            2.2702982            1.2395849            3.6796176
1            0.0616370            2.4791699            2.7548641
1            2.2702982            1.2395849            6.4344817
