4
         -19.2403720
         -18.3239727          -12.8843453          -19.2522713           -1.5637252            0.0000000            0.0000000
           4.1502284            0.0000000            0.0000000
          -2.0648413            3.5764101            0.0000000
           0.0000000            0.0000000            6.8191079
0            0.0068485            2.3842734            0.0000000
0            2.0785385            1.1921367            3.4095539
1            0.0068485            2.3842734            2.5526722
1            2.0785385            1.1921367            5.9622262
