4
         -19.0943766
          70.3425380           48.8156792           75.1380185            6.3897412            0.0000000            0.0000000
           3.9858629            0.0000000            0.0000000
          -2.0237500            3.5052378            0.0000000
           0.0000000            0.0000000            6.5490442
0           -0.0205457            2.3368252            0.0000000
0            1.9826586            1.1684126            3.2745221
1           -0.0205457            2.3368252            2.4515763
1            1.9826586            1.1684126            5.7260984
