4
         -17.1666883
         367.6201668          250.8827368          406.9711868           37.7820994            0.0000000            0.0000000
           3.6982233            0.0000000            0.0000000
          -1.9518401            3.3806862            0.0000000
           0.0000000            0.0000000            6.0764328
0           -0.0684856            2.2537908            0.0000000
0            1.8148689            1.1268954            3.0382164
1           -0.0684856            2.2537908            2.2746584
1            1.8148689            1.1268954            5.3128748
