4
         -19.2032757
         -34.4308418          -24.3190595          -35.9845860           -2.8794500            0.0000000            0.0000000
           4.1913197            0.0000000            0.0000000
          -2.0751142            3.5942032            0.0000000
           0.0000000            0.0000000            6.8866238
0            0.0136971            2.3961355            0.0000000
0            2.1025084            1.1980677            3.4433119
1            0.0136971            2.3961355            2.5779462
1            2.1025084            1.1980677            6.0212581
