4
         -18.9572365
         -71.3188834          -51.0073624          -73.6507271           -5.6510692            0.0000000            0.0000000
           4.3145938            0.0000000            0.0000000
          -2.1059327            3.6475824            0.0000000
           0.0000000            0.0000000            7.0891716
0            0.0342428            2.4317216            0.0000000
0            2.1744183            1.2158608            3.5445858
1            0.0342428            2.4317216            2.6537681
1            2.1744183            1.2158608            6.1983539
