4
         -18.5535350
         -94.7683929          -68.7509191          -96.7761264           -7.1491466            0.0000000            0.0000000
           4.4378680            0.0000000            0.0000000
          -2.1367512            3.7009617            0.0000000
           0.0000000            0.0000000            7.2917193
0            0.0547885            2.4673078            0.0000000
0            2.2463282            1.2336539            3.6458597
1            0.0547885            2.4673078            2.7295901
1            2.2463282            1.2336539            6.3754497
