4
         -18.8376414
         -80.4156407          -57.7949029          -82.7775980           -6.2662846            0.0000000            0.0000000
           4.3556852            0.0000000            0.0000000
          -2.1162056            3.6653755            0.0000000
           0.0000000            0.0000000            7.1566875
0            0.0410913            2.4435837            0.0000000
0            2.1983883            1.2217918            3.5783437
1            0.0410913            2.4435837            2.6790421
1            2.1983883            1.2217918            6.2573859
