4
         -19.2320275
          20.7112023           14.4771587           21.9412752            1.8135052            0.0000000            0.0000000
           4.0680456            0.0000000            0.0000000
          -2.0442957            3.5408239            0.0000000
           0.0000000            0.0000000            6.6840760
0           -0.0068486            2.3605493            0.0000000
0            2.0305986            1.1802746            3.3420380
1           -0.0068486            2.3605493            2.5021242
1            2.0305986            1.1802746            5.8441623
