4
         -19.0594249
         -60.7783963          -43.2552391          -62.9536872           -4.9016826            0.0000000            0.0000000
           4.2735025            0.0000000            0.0000000
          -2.0956599            3.6297894            0.0000000
           0.0000000            0.0000000            7.0216556
0            0.0273942            2.4198596            0.0000000
0            2.1504484            1.2099298            3.5108278
1            0.0273942            2.4198596            2.6284942
1            2.1504484            1.2099298            6.1393220
