4
         -14.3916341
         -29.7150752          -95.3565226          -20.5761789           21.5233975            0.0000000            0.0000000
           3.9224653            0.0000000            0.0000000
          -2.1573559            3.7366500            0.0000000
           0.0000000            0.0000000            6.4536117
0           -0.1307489            2.4911000            0.0000000
0            1.8958582            1.2455500            3.2268058
1           -0.1307489            2.4911000            2.4112192
1            1.8958582            1.2455500            5.6380251
