4
         -14.6150685
         -17.7810681          -59.5904368          -11.5296754           12.9845575            0.0000000            0.0000000
           3.9224653            0.0000000            0.0000000
          -2.0592943            3.5668023            0.0000000
           0.0000000            0.0000000            6.4536117
0           -0.0653744            2.3778682            0.0000000
0            1.9285454            1.1889341            3.2268058
1           -0.0653744            2.3778682            2.4112192
1            1.9285454            1.1889341            5.6380251
