4
         -14.6684629
         -11.4629160          -39.2284205           -7.3226661            8.3685537            0.0000000            0.0000000
           3.9224653            0.0000000            0.0000000
          -2.0200696            3.4988632            0.0000000
           0.0000000            0.0000000            6.4536117
0           -0.0392247            2.3325755            0.0000000
0            1.9416203            1.1662877            3.2268058
1           -0.0392247            2.3325755            2.4112192
1            1.9416203            1.1662877            5.6380251
