4
         -14.6870041
           4.4284414           15.6141627            2.7223101           -3.1849293            0.0000000            0.0000000
           3.9224653            0.0000000            0.0000000
          -1.9416203            3.3629850            0.0000000
           0.0000000            0.0000000            6.4536117
0            0.0130749            2.2419900            0.0000000
0            1.9677701            1.1209950            3.2268058
1            0.0130749            2.2419900            2.4112192
1            1.9677701            1.1209950            5.6380251
