4
         -14.3994244
          39.3144844          143.8290342           23.7722143          -26.6205086            0.0000000            0.0000000
           3.9224653            0.0000000            0.0000000
          -1.8239464            3.1591678            0.0000000
           0.0000000            0.0000000            6.4536117
0            0.0915242            2.1061119            0.0000000
0            2.0069948            1.0530559            3.2268058
1            0.0915242            2.1061119            2.4112192
1            2.0069948            1.0530559            5.6380251
