4
         -14.6950916
          -0.0043475           -0.0043475           -0.0007998            0.0000000            0.0000000            0.0000000
           3.9224653            0.0000000            0.0000000
          -1.9612326            3.3969546            0.0000000
           0.0000000            0.0000000            6.4536117
0           -0.0000000            2.2646364            0.0000000
0            1.9612327            1.1323182            3.2268058
1           -0.0000000            2.2646364            2.4112192
1            1.9612327            1.1323182            5.6380251
