4
         -14.5391054
         -23.1493340          -76.1430158          -15.3520478           16.9055330            0.0000000            0.0000000
           3.9224653            0.0000000            0.0000000
          -2.0985189            3.6347414            0.0000000
           0.0000000            0.0000000            6.4536117
0           -0.0915242            2.4231609            0.0000000
0            1.9154706            1.2115805            3.2268058
1           -0.0915242            2.4231609            2.4112192
1            1.9154706            1.2115805            5.6380251
