4
         -14.6690487
           9.1713188           32.6429016            5.6349299           -6.5529526            0.0000000            0.0000000
           3.9224653            0.0000000            0.0000000
          -1.9220080            3.3290155            0.0000000
           0.0000000            0.0000000            6.4536117
0            0.0261497            2.2193437            0.0000000
0            1.9743075            1.1096718            3.2268058
1            0.0261497            2.2193437            2.4112192
1            1.9743075            1.1096718            5.6380251
