4
         -14.6943030
          -4.0853993          -14.2988779           -2.5791935            2.9941243            0.0000000            0.0000000
           3.9224653            0.0000000            0.0000000
          -1.9808450            3.4309241            0.0000000
           0.0000000            0.0000000            6.4536117
0           -0.0130749            2.2872828            0.0000000
0            1.9546952            1.1436414            3.2268058
1           -0.0130749            2.2872828            2.4112192
1            1.9546952            1.1436414            5.6380251
