4
         -14.5796405
         -20.5830828          -68.2822296          -13.4825913           15.0306151            0.0000000            0.0000000
           3.9224653            0.0000000            0.0000000
          -2.0789066            3.6007719            0.0000000
           0.0000000            0.0000000            6.4536117
0           -0.0784493            2.4005146            0.0000000
0            1.9220080            1.2002573            3.2268058
1           -0.0784493            2.4005146            2.4112192
1            1.9220080            1.2002573            5.6380251
