4
         -14.6002771
          19.7906679           71.4941524           12.0850182          -13.9132172            0.0000000            0.0000000
           3.9224653            0.0000000            0.0000000
          -1.8827833            3.2610764            0.0000000
           0.0000000            0.0000000            6.4536117
0            0.0522995            2.1740509            0.0000000
0            1.9873824            1.0870255            3.2268058
1            0.0522995            2.1740509            2.4112192
1            1.9873824            1.0870255            5.6380251
