4
         -14.0538266
          63.9818876          235.9322946           38.5856774          -41.2761165            0.0000000            0.0000000
           3.9224653            0.0000000            0.0000000
          -1.7651094            3.0572591            0.0000000
           0.0000000            0.0000000            6.4536117
0            0.1307488            2.0381728            0.0000000
0            2.0266071            1.0190864            3.2268058
1            0.1307488            2.0381728            2.4112192
1            2.0266071            1.0190864            5.6380251
