4
         -14.3019787
          46.8588543          172.0552343           28.2747074          -31.3078069            0.0000000            0.0000000
           3.9224653            0.0000000            0.0000000
          -1.8043340            3.1251982            0.0000000
           0.0000000            0.0000000            6.4536117
0            0.1045991            2.0834655            0.0000000
0            2.0135322            1.0417327            3.2268058
1            0.1045991            2.0834655            2.4112192
1            2.0135322            1.0417327            5.6380251
