4
         -14.1872876
          55.1242573          202.7602754           33.2472860          -36.1854768            0.0000000            0.0000000
           3.9224653            0.0000000            0.0000000
          -1.7847217            3.0912287            0.0000000
           0.0000000            0.0000000            6.4536117
0            0.1176739            2.0608191            0.0000000
0            2.0200696            1.0304095            3.2268058
1            0.1176739            2.0608191            2.4112192
1            2.0200696            1.0304095            5.6380251
