4
         -14.4808062
          32.2862415          117.7085761           19.5750332          -22.1565319            0.0000000            0.0000000
           3.9224653            0.0000000            0.0000000
          -1.8435587            3.1931373            0.0000000
           0.0000000            0.0000000            6.4536117
0            0.0784493            2.1287582            0.0000000
0            2.0004573            1.0643791            3.2268058
1            0.0784493            2.1287582            2.4112192
1            2.0004573            1.0643791            5.6380251
