4
         -14.4939835
         -25.5217448          -83.2381414          -17.1480234           18.6063640            0.0000000            0.0000000
           3.9224653            0.0000000            0.0000000
          -2.1181312            3.6687109            0.0000000
           0.0000000            0.0000000            6.4536117
0           -0.1045991            2.4458073            0.0000000
0            1.9089331            1.2229036            3.2268058
1           -0.1045991            2.4458073            2.4112192
1            1.9089331            1.2229036            5.6380251
