4
         -14.6851515
          -7.9099833          -27.3501558           -5.0049885            5.7717371            0.0000000            0.0000000
           3.9224653            0.0000000            0.0000000
          -2.0004573            3.4648937            0.0000000
           0.0000000            0.0000000            6.4536117
0           -0.0261498            2.3099291            0.0000000
0            1.9481578            1.1549645            3.2268058
1           -0.0261498            2.3099291            2.4112192
1            1.9481578            1.1549645            5.6380251
