4
         -14.4446643
         -27.7115669          -89.6250542          -18.8947699           20.1446626            0.0000000            0.0000000
           3.9224653            0.0000000            0.0000000
          -2.1377436            3.7026805            0.0000000
           0.0000000            0.0000000            6.4536117
0           -0.1176740            2.4684537            0.0000000
0            1.9023957            1.2342268            3.2268058
1           -0.1176740            2.4684537            2.4112192
1            1.9023957            1.2342268            5.6380251
