4
         -14.6404200
          14.3008073           51.1843651            8.7671000          -10.1487848            0.0000000            0.0000000
           3.9224653            0.0000000            0.0000000
          -1.9023957            3.2950459            0.0000000
           0.0000000            0.0000000            6.4536117
0            0.0392246            2.1966973            0.0000000
0            1.9808450            1.0983486            3.2268058
1            0.0392246            2.1966973            2.4112192
1            1.9808450            1.0983486            5.6380251
