4
         -18.6738989
         -31.2303481          -90.1957586          -96.2483286           18.8271179            0.0000000            0.0000000
           4.1091370            0.0000000            0.0000000
          -2.2189340            3.8433064            0.0000000
           0.0000000            0.0000000            7.2917193
0           -0.1095770            2.5622043            0.0000000
0            1.9997800            1.2811021            3.6458597
1           -0.1095770            2.5622043            2.7295901
1            1.9997800            1.2811021            6.3754497
