4
         -18.4876012
          60.8761675          182.4975804          210.3433918          -30.1985684            0.0000000            0.0000000
           4.1091370            0.0000000            0.0000000
          -1.9107487            3.3095138            0.0000000
           0.0000000            0.0000000            6.2789805
0            0.0958798            2.2063426            0.0000000
0            2.1025084            1.1031713            3.1394903
1            0.0958798            2.2063426            2.3504804
1            2.1025084            1.1031713            5.4899706
