4
         -19.0925186
         -19.1719772          -56.2605950          -61.2230334           11.3478242            0.0000000            0.0000000
           4.1091370            0.0000000            0.0000000
          -2.1367512            3.7009617            0.0000000
           0.0000000            0.0000000            7.0216556
0           -0.0547885            2.4673078            0.0000000
0            2.0271743            1.2336539            3.5108278
1           -0.0547885            2.4673078            2.6284942
1            2.0271743            1.2336539            6.1393220
