4
         -18.3978073
         -35.3303635         -101.2173499         -106.7607240           21.3379776            0.0000000            0.0000000
           4.1091370            0.0000000            0.0000000
          -2.2600253            3.9144787            0.0000000
           0.0000000            0.0000000            7.4267512
0           -0.1369713            2.6096525            0.0000000
0            1.9860829            1.3048262            3.7133756
1           -0.1369713            2.6096525            2.7801381
1            1.9860829            1.3048262            6.4935136
