4
         -18.7972354
         -28.7388225          -83.3318988          -89.4469020           17.2731297            0.0000000            0.0000000
           4.1091370            0.0000000            0.0000000
          -2.1983883            3.8077202            0.0000000
           0.0000000            0.0000000            7.2242034
0           -0.0958799            2.5384802            0.0000000
0            2.0066286            1.2692401            3.6121017
1           -0.0958799            2.5384802            2.7043161
1            2.0066286            1.2692401            6.3164178
