4
         -18.9090495
         -25.9206199          -75.4539762          -81.4187885           15.5231417            0.0000000            0.0000000
           4.1091370            0.0000000            0.0000000
          -2.1778426            3.7721341            0.0000000
           0.0000000            0.0000000            7.1566875
0           -0.0821828            2.5147560            0.0000000
0            2.0134771            1.2573780            3.5783437
1           -0.0821828            2.5147560            2.6790421
1            2.0134771            1.2573780            6.2573859
