4
         -18.5403591
         -33.4154439          -96.1379202         -101.9784781           20.1822359            0.0000000            0.0000000
           4.1091370            0.0000000            0.0000000
          -2.2394797            3.8788926            0.0000000
           0.0000000            0.0000000            7.3592352
0           -0.1232741            2.5859284            0.0000000
0            1.9929315            1.2929642            3.6796176
1           -0.1232741            2.5859284            2.7548641
1            1.9929315            1.2929642            6.4344817
