4
         -18.8815597
          38.7495957          116.2074957          132.4118940          -20.2096622            0.0000000            0.0000000
           4.1091370            0.0000000            0.0000000
          -1.9518401            3.3806862            0.0000000
           0.0000000            0.0000000            6.4140124
0            0.0684856            2.2537908            0.0000000
0            2.0888113            1.1268954            3.2070062
1            0.0684856            2.2537908            2.4010283
1            2.0888113            1.1268954            5.6080345
