4
         -19.2114529
         -10.6378784          -31.4490900          -34.5774841            6.1921917            0.0000000            0.0000000
           4.1091370            0.0000000            0.0000000
          -2.0956599            3.6297894            0.0000000
           0.0000000            0.0000000            6.8866238
0           -0.0273943            2.4198596            0.0000000
0            2.0408714            1.2099298            3.4433119
1           -0.0273943            2.4198596            2.5779462
1            2.0408714            1.2099298            6.0212581
