4
         -19.0195274
          29.2998661           87.7769760           99.4720465          -15.6139197            0.0000000            0.0000000
           4.1091370            0.0000000            0.0000000
          -1.9723858            3.4162723            0.0000000
           0.0000000            0.0000000            6.4815283
0            0.0547885            2.2775149            0.0000000
0            2.0819628            1.1387574            3.2407641
1            0.0547885            2.2775149            2.4263023
1            2.0819628            1.1387574            5.6670664
