4
         -19.2354912
           6.2395654           18.5559888           20.7176482           -3.5025477            0.0000000            0.0000000
           4.1091370            0.0000000            0.0000000
          -2.0340228            3.5230309            0.0000000
           0.0000000            0.0000000            6.6840760
0            0.0136971            2.3486872            0.0000000
0            2.0614171            1.1743436            3.3420380
1            0.0136971            2.3486872            2.5021242
1            2.0614171            1.1743436            5.8441623
