4
         -18.7053938
          49.2312853          147.6799557          169.2554762          -25.0808635            0.0000000            0.0000000
           4.1091370            0.0000000            0.0000000
          -1.9312944            3.3451000            0.0000000
           0.0000000            0.0000000            6.3464965
0            0.0821827            2.2300667            0.0000000
0            2.0956599            1.1150333            3.1732482
1            0.0821827            2.2300667            2.3757543
1            2.0956599            1.1150333            5.5490026
