4
         -19.1224978
          20.7912368           62.1618295           70.1141700          -11.2985809            0.0000000            0.0000000
           4.1091370            0.0000000            0.0000000
          -1.9929314            3.4518585            0.0000000
           0.0000000            0.0000000            6.5490442
0            0.0410913            2.3012390            0.0000000
0            2.0751142            1.1506195            3.2745221
1            0.0410913            2.3012390            2.4515763
1            2.0751142            1.1506195            5.7260984
