4
         -17.9122396
          88.0398576          263.3712268          307.0122758          -41.1149672            0.0000000            0.0000000
           4.1091370            0.0000000            0.0000000
          -1.8696573            3.2383415            0.0000000
           0.0000000            0.0000000            6.1439487
0            0.1232741            2.1588943            0.0000000
0            2.1162056            1.0794472            3.0719743
1            0.1232741            2.1588943            2.2999324
1            2.1162056            1.0794472            5.3719067
