4
         -17.5465854
         103.8640584          310.1861347          363.5872825          -46.8627818            0.0000000            0.0000000
           4.1091370            0.0000000            0.0000000
          -1.8491116            3.2027553            0.0000000
           0.0000000            0.0000000            6.0764328
0            0.1369712            2.1351702            0.0000000
0            2.1230541            1.0675851            3.0382164
1            0.1369712            2.1351702            2.2746584
1            2.1230541            1.0675851            5.3128748
