4
         -20.6662244
          63.0724843           63.0724843           63.9987268            0.0000000            0.0000000            0.0000000
           3.7157938            0.0000000            0.0000000
          -1.8578969            3.2179719            0.0000000
           0.0000000            0.0000000            6.1310373
0           -0.0000000            2.1453146            0.0000000
0            1.8578969            1.0726573            3.0655186
1           -0.0000000            2.1453146            2.2909989
1            1.8578969            1.0726573            5.3565175
