4
         -20.6417574
         -65.9640368          -65.9640368          -66.9052904            0.0000000           -0.0000000           -0.0000000
           3.9053752            0.0000000            0.0000000
          -1.9526876            3.3821541            0.0000000
           0.0000000            0.0000000            6.4438453
0           -0.0000000            2.2547694            0.0000000
0            1.9526876            1.1273847            3.2219226
1           -0.0000000            2.2547694            2.4078865
1            1.9526876            1.1273847            5.6298092
