4
         -17.8047752
         567.1387393          567.1387393          579.8299695            0.0000000            0.0000000            0.0000000
           3.4124637            0.0000000            0.0000000
          -1.7062319            2.9552803            0.0000000
           0.0000000            0.0000000            5.6305444
0           -0.0000000            1.9701869            0.0000000
0            1.7062319            0.9850934            2.8152722
1           -0.0000000            1.9701869            2.1039785
1            1.7062319            0.9850934            4.9192507
