4
         -19.4326174
        -134.8401964         -134.8401964         -136.4213963            0.0000000           -0.0000000            0.0000000
           4.1707890            0.0000000            0.0000000
          -2.0853945            3.6120092            0.0000000
           0.0000000            0.0000000            6.8817765
0           -0.0000000            2.4080062            0.0000000
0            2.0853945            1.2040031            3.4408883
1           -0.0000000            2.4080062            2.5715293
1            2.0853945            1.2040031            6.0124176
