4
         -20.2430381
        -107.1025070         -107.1025070         -108.5458107            0.0000000           -0.0000000            0.0000000
           4.0191240            0.0000000            0.0000000
          -2.0095620            3.4806634            0.0000000
           0.0000000            0.0000000            6.6315301
0           -0.0000000            2.3204423            0.0000000
0            2.0095620            1.1602211            3.3157650
1           -0.0000000            2.3204423            2.4780192
1            2.0095620            1.1602211            5.7937842
