4
         -20.7426038
          29.4093411           29.4093411           29.7721638            0.0000000            0.0000000            0.0000000
           3.7537101            0.0000000            0.0000000
          -1.8768551            3.2508083            0.0000000
           0.0000000            0.0000000            6.1935988
0           -0.0000000            2.1672056            0.0000000
0            1.8768551            1.0836028            3.0967994
1           -0.0000000            2.1672056            2.3143764
1            1.8768551            1.0836028            5.4111758
