4
         -19.4391689
         317.2393821          317.2393821          323.8889934            0.0000000            0.0000000            0.0000000
           3.5262125            0.0000000            0.0000000
          -1.7631063            3.0537896            0.0000000
           0.0000000            0.0000000            5.8182292
0           -0.0000000            2.0358598            0.0000000
0            1.7631063            1.0179299            2.9091146
1           -0.0000000            2.0358598            2.1741112
1            1.7631063            1.0179299            5.0832258
