4
         -20.7198005
         -47.2672490          -47.2672490          -47.8953651            0.0000000           -0.0000000            0.0000000
           3.8674589            0.0000000            0.0000000
          -1.9337294            3.3493177            0.0000000
           0.0000000            0.0000000            6.3812837
0           -0.0000000            2.2328784            0.0000000
0            1.9337295            1.1164392            3.1906418
1           -0.0000000            2.2328784            2.3845090
1            1.9337295            1.1164392            5.5751508
