4
         -19.8692506
        -124.1510983         -124.1510983         -125.5831304            0.0000000            0.0000000            0.0000000
           4.0949565            0.0000000            0.0000000
          -2.0474782            3.5463363            0.0000000
           0.0000000            0.0000000            6.7566533
0           -0.0000000            2.3642242            0.0000000
0            2.0474783            1.1821121            3.3783266
1           -0.0000000            2.3642242            2.5247742
1            2.0474783            1.1821121            5.9031009
