4
         -20.3603214
         145.6388428          145.6388428          148.4049635            0.0000000            0.0000000           -0.0000000
           3.6399613            0.0000000            0.0000000
          -1.8199807            3.1522990            0.0000000
           0.0000000            0.0000000            6.0059140
0           -0.0000000            2.1015327            0.0000000
0            1.8199807            1.0507663            3.0029570
1           -0.0000000            2.1015327            2.2442438
1            1.8199807            1.0507663            5.2472008
