4
         -18.4415382
         473.4633551          473.4633551          483.9020047            0.0000000            0.0000000            0.0000000
           3.4503800            0.0000000            0.0000000
          -1.7251900            2.9881167            0.0000000
           0.0000000            0.0000000            5.6931060
0           -0.0000000            1.9920778            0.0000000
0            1.7251900            0.9960389            2.8465530
1           -0.0000000            1.9920778            2.1273561
1            1.7251900            0.9960389            4.9739091
