4
         -20.1206627
         195.6530026          195.6530026          199.6234490            0.0000000            0.0000000            0.0000000
           3.6020451            0.0000000            0.0000000
          -1.8010225            3.1194625            0.0000000
           0.0000000            0.0000000            5.9433524
0           -0.0000000            2.0796417            0.0000000
0            1.8010225            1.0398208            2.9716762
1           -0.0000000            2.0796417            2.2208662
1            1.8010225            1.0398208            5.1925425
