4
         -20.0651000
        -116.5233554         -116.5233554         -117.8566587            0.0000000           -0.0000000            0.0000000
           4.0570402            0.0000000            0.0000000
          -2.0285201            3.5134999            0.0000000
           0.0000000            0.0000000            6.6940917
0           -0.0000000            2.3423333            0.0000000
0            2.0285201            1.1711666            3.3470458
1           -0.0000000            2.3423333            2.5013967
1            2.0285201            1.1711666            5.8484426
