4
         -19.8158973
         252.6092962          252.6092962          257.6936629            0.0000000           -0.0000000           -0.0000000
           3.5641288            0.0000000            0.0000000
          -1.7820644            3.0866261            0.0000000
           0.0000000            0.0000000            5.8807908
0           -0.0000000            2.0577507            0.0000000
0            1.7820644            1.0288753            2.9403954
1           -0.0000000            2.0577507            2.1974887
1            1.7820644            1.0288753            5.1378841
