4
         -19.0204980
          97.7921045           97.7921045           21.2855525            0.0000000            0.0000000            0.0000000
           3.9447715            0.0000000            0.0000000
          -1.9723858            3.4162723            0.0000000
           0.0000000            0.0000000            6.7515920
0           -0.0000000            2.2775149            0.0000000
0            1.9723858            1.1387574            3.3757960
1           -0.0000000            2.2775149            2.5273982
1            1.9723858            1.1387574            5.9031942
