4
         -19.0944969
         -61.2570671          -61.2570671          -13.0353091            0.0000000            0.0000000           -0.0000000
           4.2735025            0.0000000            0.0000000
          -2.1367512            3.7009617            0.0000000
           0.0000000            0.0000000            6.7515920
0           -0.0000000            2.4673078            0.0000000
0            2.1367513            1.2336539            3.3757960
1           -0.0000000            2.4673078            2.5273982
1            2.1367513            1.2336539            5.9031942
