4
         -19.2120296
         -34.4237196          -34.4237196           -7.3250757            0.0000000            0.0000000            0.0000000
           4.1913197            0.0000000            0.0000000
          -2.0956599            3.6297894            0.0000000
           0.0000000            0.0000000            6.7515920
0           -0.0000000            2.4198596            0.0000000
0            2.0956599            1.2099298            3.3757960
1           -0.0000000            2.4198596            2.5273982
1            2.0956599            1.2099298            5.9031942
