4
         -18.6827767
         -96.7068409          -96.7068409          -20.6725573            0.0000000            0.0000000            0.0000000
           4.4378680            0.0000000            0.0000000
          -2.2189340            3.8433064            0.0000000
           0.0000000            0.0000000            6.7515920
0           -0.0000000            2.5622043            0.0000000
0            2.2189340            1.2811021            3.3757960
1           -0.0000000            2.5622043            2.5273982
1            2.2189340            1.2811021            5.9031942
