4
         -17.9143232
         297.3251155          297.3251155           67.6824242            0.0000000           -0.0000000            0.0000000
           3.7393147            0.0000000            0.0000000
          -1.8696573            3.2383415            0.0000000
           0.0000000            0.0000000            6.7515920
0           -0.0000000            2.1588943            0.0000000
0            1.8696573            1.0794472            3.3757960
1           -0.0000000            2.1588943            2.5273982
1            1.8696573            1.0794472            5.9031942
