4
         -19.1230680
          69.0777932           69.0777932           14.9498714            0.0000000            0.0000000           -0.0000000
           3.9858629            0.0000000            0.0000000
          -1.9929314            3.4518585            0.0000000
           0.0000000            0.0000000            6.7515920
0           -0.0000000            2.3012390            0.0000000
0            1.9929315            1.1506195            3.3757960
1           -0.0000000            2.3012390            2.5273982
1            1.9929315            1.1506195            5.9031942
