4
         -18.4896784
         204.9946455          204.9946455           45.7094882            0.0000000           -0.0000000            0.0000000
           3.8214974            0.0000000            0.0000000
          -1.9107487            3.3095138            0.0000000
           0.0000000            0.0000000            6.7515920
0           -0.0000000            2.2063426            0.0000000
0            1.9107487            1.1031713            3.3757960
1           -0.0000000            2.2063426            2.5273982
1            1.9107487            1.1031713            5.9031942
