4
         -19.2423078
         -18.2463151          -18.2463151           -3.8854214            0.0000000            0.0000000           -0.0000000
           4.1502284            0.0000000            0.0000000
          -2.0751142            3.5942032            0.0000000
           0.0000000            0.0000000            6.7515920
0           -0.0000000            2.3961355            0.0000000
0            2.0751142            1.1980677            3.3757960
1           -0.0000000            2.3961355            2.5273982
1            2.0751142            1.1980677            5.9031942
