4
         -18.8829410
         129.8272675          129.8272675           28.4650345            0.0000000            0.0000000            0.0000000
           3.9036801            0.0000000            0.0000000
          -1.9518401            3.3806862            0.0000000
           0.0000000            0.0000000            6.7515920
0           -0.0000000            2.2537908            0.0000000
0            1.9518401            1.1268954            3.3757960
1           -0.0000000            2.2537908            2.5273982
1            1.9518401            1.1268954            5.9031942
