4
         -18.7071640
         165.4624080          165.4624080           36.5868828            0.0000000           -0.0000000            0.0000000
           3.8625888            0.0000000            0.0000000
          -1.9312944            3.3451000            0.0000000
           0.0000000            0.0000000            6.7515920
0           -0.0000000            2.2300667            0.0000000
0            1.9312944            1.1150333            3.3757960
1           -0.0000000            2.2300667            2.5273982
1            1.9312944            1.1150333            5.9031942
