4
         -19.2355641
          20.4976342           20.4976342            4.3805176            0.0000000           -0.0000000           -0.0000000
           4.0680456            0.0000000            0.0000000
          -2.0340228            3.5230309            0.0000000
           0.0000000            0.0000000            6.7515920
0           -0.0000000            2.3486872            0.0000000
0            2.0340228            1.1743436            3.3757960
1           -0.0000000            2.3486872            2.5273982
1            2.0340228            1.1743436            5.9031942
