4
         -18.5519631
        -102.7178797         -102.7178797          -22.0305430            0.0000000            0.0000000            0.0000000
           4.4789593            0.0000000            0.0000000
          -2.2394797            3.8788926            0.0000000
           0.0000000            0.0000000            6.7515920
0           -0.0000000            2.5859284            0.0000000
0            2.2394797            1.2929642            3.3757960
1           -0.0000000            2.5859284            2.5273982
1            2.2394797            1.2929642            5.9031942
