4
         -19.1938288
          43.4142739           43.4142739            9.3412091            0.0000000            0.0000000            0.0000000
           4.0269543            0.0000000            0.0000000
          -2.0134771            3.4874447            0.0000000
           0.0000000            0.0000000            6.7515920
0           -0.0000000            2.3249631            0.0000000
0            2.0134771            1.1624815            3.3757960
1           -0.0000000            2.3249631            2.5273982
1            2.0134771            1.1624815            5.9031942
