4
         -18.8037476
         -89.6936381          -89.6936381          -19.1508793            0.0000000            0.0000000            0.0000000
           4.3967766            0.0000000            0.0000000
          -2.1983883            3.8077202            0.0000000
           0.0000000            0.0000000            6.7515920
0           -0.0000000            2.5384802            0.0000000
0            2.1983883            1.2692401            3.3757960
1           -0.0000000            2.5384802            2.5273982
1            2.1983883            1.2692401            5.9031942
