4
         -19.0111023
         -72.1468631          -72.1468631          -15.3753672            0.0000000           -0.0000000            0.0000000
           4.3145938            0.0000000            0.0000000
          -2.1572969            3.7365479            0.0000000
           0.0000000            0.0000000            6.7515920
0           -0.0000000            2.4910319            0.0000000
0            2.1572969            1.2455159            3.3757960
1           -0.0000000            2.4910319            2.5273982
1            2.1572969            1.2455159            5.9031942
