4
         -19.1621150
         -48.7248436          -48.7248436          -10.3601517            0.0000000            0.0000000            0.0000000
           4.2324111            0.0000000            0.0000000
          -2.1162056            3.6653755            0.0000000
           0.0000000            0.0000000            6.7515920
0           -0.0000000            2.4435837            0.0000000
0            2.1162056            1.2217918            3.3757960
1           -0.0000000            2.4435837            2.5273982
1            2.1162056            1.2217918            5.9031942
