4
         -18.2267804
         248.8040352          248.8040352           56.0372520            0.0000000            0.0000000            0.0000000
           3.7804060            0.0000000            0.0000000
          -1.8902030            3.2739277            0.0000000
           0.0000000            0.0000000            6.7515920
0           -0.0000000            2.1826185            0.0000000
0            1.8902030            1.0913092            3.3757960
1           -0.0000000            2.1826185            2.5273982
1            1.8902030            1.0913092            5.9031942
