4
         -18.4124856
        -107.7701365         -107.7701365          -23.2244964            0.0000000            0.0000000            0.0000000
           4.5200507            0.0000000            0.0000000
          -2.2600253            3.9144787            0.0000000
           0.0000000            0.0000000            6.7515920
0           -0.0000000            2.6096525            0.0000000
0            2.2600254            1.3048262            3.3757960
1           -0.0000000            2.6096525            2.5273982
1            2.2600254            1.3048262            5.9031942
