4
         -19.2509067
           0.0000809            0.0000809           -0.0000926            0.0000000            0.0000000            0.0000000
           4.1091370            0.0000000            0.0000000
          -2.0545685            3.5586170            0.0000000
           0.0000000            0.0000000            6.7515920
0           -0.0000000            2.3724114            0.0000000
0            2.0545685            1.1862057            3.3757960
1           -0.0000000            2.3724114            2.5273982
1            2.0545685            1.1862057            5.9031942
