4
         -23.4774876
         -96.3813284          -23.4457549         -104.0392320          -19.9378109            0.0000000            0.0000000
           3.9895611            0.0000000            0.0000000
          -1.8997910            3.2905345            0.0000000
           0.0000000            0.0000000            6.6006146
0            0.0633263            2.1936897            0.0000000
0            2.0264437            1.0968448            3.3003073
0            0.0633263            2.1936897            2.4676976
0            2.0264437            1.0968448            5.7680049
