4
         -22.9179962
         235.2911897           75.8932912          278.2054125           50.3821084            0.0000000            0.0000000
           3.5336112            0.0000000            0.0000000
          -1.8997910            3.2905345            0.0000000
           0.0000000            0.0000000            5.8462586
0           -0.0886569            2.1936897            0.0000000
0            1.7224772            1.0968448            2.9231293
0           -0.0886569            2.1936897            2.1856750
0            1.7224772            1.0968448            5.1088043
