4
         -23.7296801
          25.8090848            6.8956289           28.9689818            5.5379173            0.0000000            0.0000000
           3.7615861            0.0000000            0.0000000
          -1.8997910            3.2905345            0.0000000
           0.0000000            0.0000000            6.2234366
0           -0.0126653            2.1936897            0.0000000
0            1.8744605            1.0968448            3.1117183
0           -0.0126653            2.1936897            2.3266863
0            1.8744605            1.0968448            5.4384046
