4
         -23.6816894
          54.0791783           14.8001732           61.1368680           11.6255326            0.0000000            0.0000000
           3.7235903            0.0000000            0.0000000
          -1.8997910            3.2905345            0.0000000
           0.0000000            0.0000000            6.1605736
0           -0.0253306            2.1936897            0.0000000
0            1.8491299            1.0968448            3.0802868
0           -0.0253306            2.1936897            2.3031844
0            1.8491299            1.0968448            5.3834712
