4
         -23.4888284
         118.0535271           34.5252712          135.5987355           25.0853533            0.0000000            0.0000000
           3.6475987            0.0000000            0.0000000
          -1.8997910            3.2905345            0.0000000
           0.0000000            0.0000000            6.0348476
0           -0.0506611            2.1936897            0.0000000
0            1.7984688            1.0968448            3.0174238
0           -0.0506611            2.1936897            2.2561806
0            1.7984688            1.0968448            5.2736044
