4
         -22.9356295
        -142.3972634          -32.9197488         -150.2434846          -29.1911061            0.0000000            0.0000000
           4.1415443            0.0000000            0.0000000
          -1.8997910            3.2905345            0.0000000
           0.0000000            0.0000000            6.8520665
0            0.1139874            2.1936897            0.0000000
0            2.1277659            1.0968448            3.4260333
0            0.1139874            2.1936897            2.5617051
0            2.1277659            1.0968448            5.9877384
