4
         -23.7397912
         -23.4279934           -6.0472978          -25.9324370           -4.9517555            0.0000000            0.0000000
           3.8375778            0.0000000            0.0000000
          -1.8997910            3.2905345            0.0000000
           0.0000000            0.0000000            6.3491626
0            0.0126653            2.1936897            0.0000000
0            1.9251215            1.0968448            3.1745813
0            0.0126653            2.1936897            2.3736900
0            1.9251215            1.0968448            5.5482713
