4
         -23.3385619
         154.5541401           46.2027653          178.9873883           33.0464404            0.0000000            0.0000000
           3.6096029            0.0000000            0.0000000
          -1.8997910            3.2905345            0.0000000
           0.0000000            0.0000000            5.9719846
0           -0.0633264            2.1936897            0.0000000
0            1.7731383            1.0968448            2.9859923
0           -0.0633264            2.1936897            2.2326788
0            1.7731383            1.0968448            5.2186711
