4
         -23.6021873
          84.7084005           24.0509183           96.5180649           18.0923731            0.0000000            0.0000000
           3.6855945            0.0000000            0.0000000
          -1.8997910            3.2905345            0.0000000
           0.0000000            0.0000000            6.0977106
0           -0.0379958            2.1936897            0.0000000
0            1.8237994            1.0968448            3.0488553
0           -0.0379958            2.1936897            2.2796825
0            1.8237994            1.0968448            5.3285378
