4
         -23.2351346
        -122.2962829          -28.9666617         -130.4723874          -25.1487992            0.0000000            0.0000000
           4.0655527            0.0000000            0.0000000
          -1.8997910            3.2905345            0.0000000
           0.0000000            0.0000000            6.7263406
0            0.0886569            2.1936897            0.0000000
0            2.0771048            1.0968448            3.3631703
0            0.0886569            2.1936897            2.5147013
0            2.0771048            1.0968448            5.8778716
