4
         -23.1492677
         193.0816068           60.3615216          226.0438864           41.1694964            0.0000000            0.0000000
           3.5716070            0.0000000            0.0000000
          -1.8997910            3.2905345            0.0000000
           0.0000000            0.0000000            5.9091216
0           -0.0759917            2.1936897            0.0000000
0            1.7478077            1.0968448            2.9545608
0           -0.0759917            2.1936897            2.2091769
0            1.7478077            1.0968448            5.1637377
