4
         -23.6503345
         -63.7745580          -15.9657233          -69.6875527          -13.3130765            0.0000000            0.0000000
           3.9135694            0.0000000            0.0000000
          -1.8997910            3.2905345            0.0000000
           0.0000000            0.0000000            6.4748886
0            0.0379958            2.1936897            0.0000000
0            1.9757826            1.0968448            3.2374443
0            0.0379958            2.1936897            2.4206938
0            1.9757826            1.0968448            5.6581381
