4
         -23.5734595
         -80.9751648          -19.9785629          -87.9393778          -16.8201567            0.0000000            0.0000000
           3.9515652            0.0000000            0.0000000
          -1.8997910            3.2905345            0.0000000
           0.0000000            0.0000000            6.5377516
0            0.0506611            2.1936897            0.0000000
0            2.0011132            1.0968448            3.2688758
0            0.0506611            2.1936897            2.4441957
0            2.0011132            1.0968448            5.7130715
