4
         -21.9416150
         382.0008322          136.1053718          467.2778841           84.8329996            0.0000000            0.0000000
           3.4196238            0.0000000            0.0000000
          -1.8997910            3.2905345            0.0000000
           0.0000000            0.0000000            5.6576696
0           -0.1266527            2.1936897            0.0000000
0            1.6464855            1.0968448            2.8288348
0           -0.1266527            2.1936897            2.1151694
0            1.6464855            1.0968448            4.9440042
