4
         -22.3178735
         329.4942092          113.3498497          398.7111246           71.9308070            0.0000000            0.0000000
           3.4576196            0.0000000            0.0000000
          -1.8997910            3.2905345            0.0000000
           0.0000000            0.0000000            5.7205326
0           -0.1139875            2.1936897            0.0000000
0            1.6718161            1.0968448            2.8602663
0           -0.1139875            2.1936897            2.1386712
0            1.6718161            1.0968448            4.9989375
