4
         -23.3642171
        -110.1202874          -26.4269253         -118.1630185          -22.7054099            0.0000000            0.0000000
           4.0275569            0.0000000            0.0000000
          -1.8997910            3.2905345            0.0000000
           0.0000000            0.0000000            6.6634776
0            0.0759916            2.1936897            0.0000000
0            2.0517743            1.0968448            3.3317388
0            0.0759916            2.1936897            2.4911995
0            2.0517743            1.0968448            5.8229382
