4
         -23.7169617
           4.1871917            4.1871917           55.5623324            0.0000000            0.0000000            0.0000000
           3.7995820            0.0000000            0.0000000
          -1.8997910            3.2905345            0.0000000
           0.0000000            0.0000000            6.1605736
0           -0.0000000            2.1936897            0.0000000
0            1.8997910            1.0968448            3.0802868
0           -0.0000000            2.1936897            2.3031844
0            1.8997910            1.0968448            5.3834712
