4
         -23.0631028
          20.9085133           20.9085133          342.3480699            0.0000000            0.0000000            0.0000000
           3.7995820            0.0000000            0.0000000
          -1.8997910            3.2905345            0.0000000
           0.0000000            0.0000000            5.7205326
0           -0.0000000            2.1936897            0.0000000
0            1.8997910            1.0968448            2.8602663
0           -0.0000000            2.1936897            2.1386712
0            1.8997910            1.0968448            4.9989375
