4
         -23.4645118
          13.3220705           13.3220705          199.1904888            0.0000000            0.0000000           -0.0000000
           3.7995820            0.0000000            0.0000000
          -1.8997910            3.2905345            0.0000000
           0.0000000            0.0000000            5.9091216
0           -0.0000000            2.1936897            0.0000000
0            1.8997910            1.0968448            2.9545608
0           -0.0000000            2.1936897            2.2091769
0            1.8997910            1.0968448            5.1637377
