4
         -23.7294240
          -3.9308817           -3.9308817          -46.4564641            0.0000000            0.0000000            0.0000000
           3.7995820            0.0000000            0.0000000
          -1.8997910            3.2905345            0.0000000
           0.0000000            0.0000000            6.4120256
0           -0.0000000            2.1936897            0.0000000
0            1.8997910            1.0968448            3.2060128
0           -0.0000000            2.1936897            2.3971919
0            1.8997910            1.0968448            5.6032047
