4
         -23.2206080
          18.2896522           18.2896522          290.7380595            0.0000000            0.0000000            0.0000000
           3.7995820            0.0000000            0.0000000
          -1.8997910            3.2905345            0.0000000
           0.0000000            0.0000000            5.7833956
0           -0.0000000            2.1936897            0.0000000
0            1.8997910            1.0968448            2.8916978
0           -0.0000000            2.1936897            2.1621731
0            1.8997910            1.0968448            5.0538709
