4
         -23.6250497
          -9.3475280           -9.3475280         -101.8525016            0.0000000            0.0000000           -0.0000000
           3.7995820            0.0000000            0.0000000
          -1.8997910            3.2905345            0.0000000
           0.0000000            0.0000000            6.6006146
0           -0.0000000            2.1936897            0.0000000
0            1.8997910            1.0968448            3.3003073
0           -0.0000000            2.1936897            2.4676976
0            1.8997910            1.0968448            5.7680049
