4
         -23.6687231
          -7.6073717           -7.6073717          -85.0960488            0.0000000            0.0000000            0.0000000
           3.7995820            0.0000000            0.0000000
          -1.8997910            3.2905345            0.0000000
           0.0000000            0.0000000            6.5377516
0           -0.0000000            2.1936897            0.0000000
0            1.8997910            1.0968448            3.2688758
0           -0.0000000            2.1936897            2.4441957
0            1.8997910            1.0968448            5.7130715
