4
         -23.3019744
         -17.0735136          -17.0735136         -164.5595718           -0.0000000           -0.0000000            0.0000000
           3.7995820            0.0000000            0.0000000
          -1.8997910            3.2905345            0.0000000
           0.0000000            0.0000000            6.9149295
0           -0.0000000            2.1936897            0.0000000
0            1.8997910            1.0968448            3.4574648
0           -0.0000000            2.1936897            2.5852070
0            1.8997910            1.0968448            6.0426718
