4
         -22.8794538
          23.6606363           23.6606363          397.3838865            0.0000000            0.0000000            0.0000000
           3.7995820            0.0000000            0.0000000
          -1.8997910            3.2905345            0.0000000
           0.0000000            0.0000000            5.6576696
0           -0.0000000            2.1936897            0.0000000
0            1.8997910            1.0968448            2.8288348
0           -0.0000000            2.1936897            2.1151694
0            1.8997910            1.0968448            4.9440042
