4
         -23.5146929
         -12.6338424          -12.6338424         -130.8342529            0.0000000           -0.0000000            0.0000000
           3.7995820            0.0000000            0.0000000
          -1.8997910            3.2905345            0.0000000
           0.0000000            0.0000000            6.7263406
0           -0.0000000            2.1936897            0.0000000
0            1.8997910            1.0968448            3.3631703
0           -0.0000000            2.1936897            2.5147013
0            1.8997910            1.0968448            5.8778716
