4
         -23.4494739
         -14.1800970          -14.1800970         -143.2794734            0.0000000           -0.0000000            0.0000000
           3.7995820            0.0000000            0.0000000
          -1.8997910            3.2905345            0.0000000
           0.0000000            0.0000000            6.7892035
0           -0.0000000            2.1936897            0.0000000
0            1.8997910            1.0968448            3.3946018
0           -0.0000000            2.1936897            2.5382032
0            1.8997910            1.0968448            5.9328050
