4
         -23.3537828
          15.7926476           15.7926476          242.5046628            0.0000000            0.0000000            0.0000000
           3.7995820            0.0000000            0.0000000
          -1.8997910            3.2905345            0.0000000
           0.0000000            0.0000000            5.8462586
0           -0.0000000            2.1936897            0.0000000
0            1.8997910            1.0968448            2.9231293
0           -0.0000000            2.1936897            2.1856750
0            1.8997910            1.0968448            5.1088043
