4
         -13.8331717
         231.7882909          231.7882909          141.2642252            0.0000000           -0.0000000            0.0000000
           3.6478927            0.0000000            0.0000000
          -1.8239464            3.1591678            0.0000000
           0.0000000            0.0000000            6.2277352
0           -0.0000000            2.1061119            0.0000000
0            1.8239464            1.0530559            3.1138676
1           -0.0000000            2.1061119            2.3268266
1            1.8239464            1.0530559            5.4406942
