4
         -14.6224023
          46.8418968           46.8418968           30.5566168            0.0000000           -0.0000000            0.0000000
           3.8440160            0.0000000            0.0000000
          -1.9220080            3.3290155            0.0000000
           0.0000000            0.0000000            6.3890755
0           -0.0000000            2.2193437            0.0000000
0            1.9220080            1.1096718            3.1945378
1           -0.0000000            2.2193437            2.3871070
1            1.9220080            1.1096718            5.5816448
