4
         -14.6913378
         -19.2687280          -19.2687280          -13.0797250            0.0000000           -0.0000000            0.0000000
           3.9616899            0.0000000            0.0000000
          -1.9808450            3.4309241            0.0000000
           0.0000000            0.0000000            6.4858797
0           -0.0000000            2.2872828            0.0000000
0            1.9808450            1.1436414            3.2429399
1           -0.0000000            2.2872828            2.4232753
1            1.9808450            1.1436414            5.6662152
