4
         -14.0745166
         185.2028479          185.2028479          114.3116841            0.0000000            0.0000000           -0.0000000
           3.6871174            0.0000000            0.0000000
          -1.8435587            3.1931373            0.0000000
           0.0000000            0.0000000            6.2600033
0           -0.0000000            2.1287582            0.0000000
0            1.8435587            1.0643791            3.1300017
1           -0.0000000            2.1287582            2.3388827
1            1.8435587            1.0643791            5.4688843
