4
         -14.4628651
         -73.8913319          -73.8913319          -53.2345568            0.0000000            0.0000000            0.0000000
           4.1185886            0.0000000            0.0000000
          -2.0592943            3.5668023            0.0000000
           0.0000000            0.0000000            6.6149519
0           -0.0000000            2.3778682            0.0000000
0            2.0592943            1.1889341            3.3074760
1           -0.0000000            2.3778682            2.4714997
1            2.0592943            1.1889341            5.7789757
