4
         -14.2475377
         -91.0355140          -91.0355140          -67.8208298            0.0000000            0.0000000            0.0000000
           4.1970379            0.0000000            0.0000000
          -2.0985189            3.6347414            0.0000000
           0.0000000            0.0000000            6.6794881
0           -0.0000000            2.4231609            0.0000000
0            2.0985189            1.2115805            3.3397440
1           -0.0000000            2.4231609            2.4956119
1            2.0985189            1.2115805            5.8353559
