4
         -14.5405752
          75.1523446           75.1523446           48.4104748            0.0000000            0.0000000            0.0000000
           3.8047913            0.0000000            0.0000000
          -1.9023957            3.2950459            0.0000000
           0.0000000            0.0000000            6.3568075
0           -0.0000000            2.1966973            0.0000000
0            1.9023957            1.0983486            3.1784037
1           -0.0000000            2.1966973            2.3750509
1            1.9023957            1.0983486            5.5534547
