4
         -12.7886937
         410.2825921          410.2825921          241.1537918            0.0000000            0.0000000            0.0000000
           3.5302187            0.0000000            0.0000000
          -1.7651094            3.0572591            0.0000000
           0.0000000            0.0000000            6.1309311
0           -0.0000000            2.0381728            0.0000000
0            1.7651094            1.0190864            3.0654655
1           -0.0000000            2.0381728            2.2906583
1            1.7651094            1.0190864            5.3561238
