4
         -13.9813828
        -103.1805834         -103.1805834          -79.0733428            0.0000000            0.0000000           -0.0000000
           4.2754872            0.0000000            0.0000000
          -2.1377436            3.7026805            0.0000000
           0.0000000            0.0000000            6.7440242
0           -0.0000000            2.4684537            0.0000000
0            2.1377436            1.2342268            3.3720121
1           -0.0000000            2.4684537            2.5197241
1            2.1377436            1.2342268            5.8917362
