4
         -14.1201460
         -97.6816694          -97.6816694          -73.9265117            0.0000000            0.0000000            0.0000000
           4.2362625            0.0000000            0.0000000
          -2.1181312            3.6687109            0.0000000
           0.0000000            0.0000000            6.7117561
0           -0.0000000            2.4458073            0.0000000
0            2.1181313            1.2229036            3.3558781
1           -0.0000000            2.4458073            2.5076680
1            2.1181313            1.2229036            5.8635461
