4
         -14.6729607
          21.9037635           21.9037635           14.4932055            0.0000000            0.0000000            0.0000000
           3.8832406            0.0000000            0.0000000
          -1.9416203            3.3629850            0.0000000
           0.0000000            0.0000000            6.4213436
0           -0.0000000            2.2419900            0.0000000
0            1.9416203            1.1209950            3.2106718
1           -0.0000000            2.2419900            2.3991631
1            1.9416203            1.1209950            5.6098349
