4
         -13.1953302
         343.4917284          343.4917284          204.3044936            0.0000000            0.0000000           -0.0000000
           3.5694434            0.0000000            0.0000000
          -1.7847217            3.0912287            0.0000000
           0.0000000            0.0000000            6.1631991
0           -0.0000000            2.0608191            0.0000000
0            1.7847217            1.0304095            3.0815996
1           -0.0000000            2.0608191            2.3027144
1            1.7847217            1.0304095            5.3843139
