4
         -14.6155537
         -50.6207385          -50.6207385          -35.3078416            0.0000000            0.0000000           -0.0000000
           4.0401392            0.0000000            0.0000000
          -2.0200696            3.4988632            0.0000000
           0.0000000            0.0000000            6.5504158
0           -0.0000000            2.3325755            0.0000000
0            2.0200696            1.1662877            3.2752079
1           -0.0000000            2.3325755            2.4473875
1            2.0200696            1.1662877            5.7225954
