4
         -14.3622230
         -83.1365213          -83.1365213          -60.9139390            0.0000000            0.0000000            0.0000000
           4.1578132            0.0000000            0.0000000
          -2.0789066            3.6007719            0.0000000
           0.0000000            0.0000000            6.6472200
0           -0.0000000            2.4005146            0.0000000
0            2.0789066            1.2002573            3.3236100
1           -0.0000000            2.4005146            2.4835558
1            2.0789066            1.2002573            5.8071658
