4
         -14.5478598
         -63.1600783          -63.1600783          -44.7361792            0.0000000           -0.0000000           -0.0000000
           4.0793639            0.0000000            0.0000000
          -2.0396819            3.5328328            0.0000000
           0.0000000            0.0000000            6.5826839
0           -0.0000000            2.3552219            0.0000000
0            2.0396820            1.1776109            3.2913419
1           -0.0000000            2.3552219            2.4594436
1            2.0396820            1.1776109            5.7507856
