4
         -13.5416864
         284.2885402          284.2885402          171.1309232            0.0000000            0.0000000           -0.0000000
           3.6086681            0.0000000            0.0000000
          -1.8043340            3.1251982            0.0000000
           0.0000000            0.0000000            6.1954672
0           -0.0000000            2.0834655            0.0000000
0            1.8043340            1.0417327            3.0977336
1           -0.0000000            2.0834655            2.3147705
1            1.8043340            1.0417327            5.4125040
