4
         -14.4245404
         107.3207218          107.3207218           68.1107633            0.0000000           -0.0000000           -0.0000000
           3.7655667            0.0000000            0.0000000
          -1.8827833            3.2610764            0.0000000
           0.0000000            0.0000000            6.3245394
0           -0.0000000            2.1740509            0.0000000
0            1.8827834            1.0870255            3.1622697
1           -0.0000000            2.1740509            2.3629948
1            1.8827834            1.0870255            5.5252646
