4
         -20.7498679
          26.7281033           18.0154706           28.3840224            2.5305585            0.0000000            0.0000000
           3.7537101            0.0000000            0.0000000
          -1.8863341            3.2672265            0.0000000
           0.0000000            0.0000000            6.1935988
0           -0.0063194            2.1781510            0.0000000
0            1.8736954            1.0890755            3.0967994
1           -0.0063194            2.1781510            2.3143764
1            1.8736954            1.0890755            5.4111758
