4
         -20.4678179
         128.2016111           85.5482253          138.5770466           12.6748465            0.0000000            0.0000000
           3.6399613            0.0000000            0.0000000
          -1.8578969            3.2179719            0.0000000
           0.0000000            0.0000000            6.0059140
0           -0.0252775            2.1453146            0.0000000
0            1.8073419            1.0726573            3.0029570
1           -0.0252775            2.1453146            2.2442438
1            1.8073419            1.0726573            5.2472008
