4
         -20.5998730
          90.4752645           60.5097709           97.2165474            8.8319971            0.0000000            0.0000000
           3.6778776            0.0000000            0.0000000
          -1.8673760            3.2343901            0.0000000
           0.0000000            0.0000000            6.0684756
0           -0.0189581            2.1562601            0.0000000
0            1.8294597            1.0781300            3.0342378
1           -0.0189581            2.1562601            2.2676213
1            1.8294597            1.0781300            5.3018591
