4
         -20.0934248
        -123.9064188          -86.4418050         -127.6600131          -10.4949198            0.0000000            0.0000000
           4.0949565            0.0000000            0.0000000
          -1.9716457            3.4149905            0.0000000
           0.0000000            0.0000000            6.7566533
0            0.0505550            2.2766604            0.0000000
0            2.0727558            1.1383302            3.3783266
1            0.0505550            2.2766604            2.5247742
1            2.0727558            1.1383302            5.9031009
