4
         -20.2433551
        -115.1112109          -79.9596592         -118.9892264           -9.8857964            0.0000000            0.0000000
           4.0570402            0.0000000            0.0000000
          -1.9621666            3.3985723            0.0000000
           0.0000000            0.0000000            6.6940917
0            0.0442356            2.2657149            0.0000000
0            2.0506379            1.1328574            3.3470458
1            0.0442356            2.2657149            2.5013967
1            2.0506379            1.1328574            5.8484426
