4
         -20.0723890
         217.4389110          144.2215921          237.2155957           22.1617452            0.0000000            0.0000000
           3.5641288            0.0000000            0.0000000
          -1.8389388            3.1851354            0.0000000
           0.0000000            0.0000000            5.8807908
0           -0.0379163            2.1234236            0.0000000
0            1.7631063            1.0617118            2.9403954
1           -0.0379163            2.1234236            2.1974887
1            1.7631063            1.0617118            5.1378841
