4
         -20.5979894
         -78.5895326          -53.9270031          -82.2443152           -6.9899102            0.0000000            0.0000000
           3.9432914            0.0000000            0.0000000
          -1.9337294            3.3493177            0.0000000
           0.0000000            0.0000000            6.5064069
0            0.0252775            2.2328784            0.0000000
0            1.9842845            1.1164392            3.2532034
1            0.0252775            2.2328784            2.4312641
1            1.9842845            1.1164392            5.6844675
