4
         -20.4975238
         -92.5745522          -63.7391429          -96.5256967           -8.1457776            0.0000000            0.0000000
           3.9812077            0.0000000            0.0000000
          -1.9432085            3.3657359            0.0000000
           0.0000000            0.0000000            6.5689685
0            0.0315969            2.2438239            0.0000000
0            2.0064023            1.1219119            3.2844842
1            0.0315969            2.2438239            2.4546416
1            2.0064023            1.1219119            5.7391259
