4
         -19.0885433
         393.5184992          258.8393008          435.7609002           42.1658549            0.0000000            0.0000000
           3.4503800            0.0000000            0.0000000
          -1.8105016            3.1358807            0.0000000
           0.0000000            0.0000000            5.6931060
0           -0.0568744            2.0905872            0.0000000
0            1.6967528            1.0452936            2.8465530
1           -0.0568744            2.0905872            2.1273561
1            1.6967528            1.0452936            4.9739091
