4
         -19.7558615
        -137.4216938          -96.8400053         -140.6433611          -11.3291882            0.0000000            0.0000000
           4.1707890            0.0000000            0.0000000
          -1.9906038            3.4478270            0.0000000
           0.0000000            0.0000000            6.8817765
0            0.0631938            2.2985513            0.0000000
0            2.1169914            1.1492757            3.4408883
1            0.0631938            2.2985513            2.5715293
1            2.1169914            1.1492757            6.0124176
