4
         -19.8010243
         269.9310599          178.4945444          296.0066524           27.9691204            0.0000000            0.0000000
           3.5262125            0.0000000            0.0000000
          -1.8294597            3.1687172            0.0000000
           0.0000000            0.0000000            5.8182292
0           -0.0442357            2.1124781            0.0000000
0            1.7409885            1.0562391            2.9091146
1           -0.0442357            2.1124781            2.1741112
1            1.7409885            1.0562391            5.0832258
