4
         -20.7686303
         -23.6165162          -16.0104660          -24.9142290           -2.1849198            0.0000000            0.0000000
           3.8295426            0.0000000            0.0000000
          -1.9052923            3.3000630            0.0000000
           0.0000000            0.0000000            6.3187221
0            0.0063194            2.2000420            0.0000000
0            1.9179310            1.1000210            3.1593610
1            0.0063194            2.2000420            2.3611315
1            1.9179310            1.1000210            5.5204925
