4
         -19.9303949
        -131.3287254          -92.0741843         -134.8728225          -10.9737205            0.0000000            0.0000000
           4.1328727            0.0000000            0.0000000
          -1.9811248            3.4314088            0.0000000
           0.0000000            0.0000000            6.8192149
0            0.0568744            2.2876059            0.0000000
0            2.0948736            1.1438029            3.4096075
1            0.0568744            2.2876059            2.5481518
1            2.0948736            1.1438029            5.9577592
