4
         -20.6781068
         -62.5680949          -42.7798243          -65.6649235           -5.6292059            0.0000000            0.0000000
           3.9053752            0.0000000            0.0000000
          -1.9242504            3.3328994            0.0000000
           0.0000000            0.0000000            6.4438453
0            0.0189581            2.2219330            0.0000000
0            1.9621667            1.1109665            3.2219226
1            0.0189581            2.2219330            2.4078865
1            1.9621667            1.1109665            5.6298092
