4
         -19.4746941
         328.4213977          216.5501762          361.9349418           34.6128806            0.0000000            0.0000000
           3.4882963            0.0000000            0.0000000
          -1.8199807            3.1522990            0.0000000
           0.0000000            0.0000000            5.7556676
0           -0.0505550            2.1015327            0.0000000
0            1.7188706            1.0507663            2.8778338
1           -0.0505550            2.1015327            2.1507336
1            1.7188706            1.0507663            5.0285674
