4
         -18.6371832
         465.6325298          305.7133272          518.1847358           50.6544759            0.0000000            0.0000000
           3.4124637            0.0000000            0.0000000
          -1.8010225            3.1194625            0.0000000
           0.0000000            0.0000000            5.6305444
0           -0.0631938            2.0796417            0.0000000
0            1.6746350            1.0398208            2.8152722
1           -0.0631938            2.0796417            2.1039785
1            1.6746350            1.0398208            4.9192507
