4
         -20.3787015
        -104.7055864          -72.3731468         -108.7540200           -9.1225182            0.0000000            0.0000000
           4.0191240            0.0000000            0.0000000
          -1.9526876            3.3821541            0.0000000
           0.0000000            0.0000000            6.6315301
0            0.0379162            2.2547694            0.0000000
0            2.0285201            1.1273847            3.3157650
1            0.0379162            2.2547694            2.4780192
1            2.0285201            1.1273847            5.7937842
