4
         -13.1884331
         318.6537608          221.9783239          354.2274035           30.7090281            0.0000000            0.0000000
           3.5694434            0.0000000            0.0000000
          -1.8729772            3.2440916            0.0000000
           0.0000000            0.0000000            5.8727866
0           -0.0588370            2.1627278            0.0000000
0            1.7553032            1.0813639            2.9363933
1           -0.0588370            2.1627278            2.1942095
1            1.7553032            1.0813639            5.1306028
