4
         -14.4603252
         -72.5265239          -54.4665491          -75.4951603           -5.0357403            0.0000000            0.0000000
           4.1185886            0.0000000            0.0000000
          -2.0102635            3.4818784            0.0000000
           0.0000000            0.0000000            6.7762922
0            0.0326872            2.3212523            0.0000000
0            2.0756379            1.1606261            3.3881461
1            0.0326872            2.3212523            2.5317802
1            2.0756379            1.1606261            5.9199263
