4
         -14.5396682
          71.3525622           51.2102669           76.7414208            5.9621694            0.0000000            0.0000000
           3.8047913            0.0000000            0.0000000
          -1.9318141            3.3460003            0.0000000
           0.0000000            0.0000000            6.2600033
0           -0.0196123            2.2306669            0.0000000
0            1.8925895            1.1153334            3.1300017
1           -0.0196123            2.2306669            2.3388827
1            1.8925895            1.1153334            5.4688843
