4
         -13.8212540
        -107.5227259          -83.3766114         -109.9213711           -6.7920223            0.0000000            0.0000000
           4.3147118            0.0000000            0.0000000
          -2.0592943            3.5668023            0.0000000
           0.0000000            0.0000000            7.0989728
0            0.0653744            2.3778682            0.0000000
0            2.1900431            1.1889341            3.5494864
1            0.0653744            2.3778682            2.6523412
1            2.1900431            1.1889341            6.2018276
