4
         -14.6913694
         -18.5506562          -13.5788225          -19.5726482           -1.4327088            0.0000000            0.0000000
           3.9616899            0.0000000            0.0000000
          -1.9710388            3.4139394            0.0000000
           0.0000000            0.0000000            6.5181478
0            0.0065374            2.2759596            0.0000000
0            1.9841137            1.1379798            3.2590739
1            0.0065374            2.2759596            2.4353314
1            1.9841137            1.1379798            5.6944053
