4
         -14.5464399
         -61.6092497          -45.9915562          -64.4133491           -4.3832973            0.0000000            0.0000000
           4.0793639            0.0000000            0.0000000
          -2.0004573            3.4648937            0.0000000
           0.0000000            0.0000000            6.7117561
0            0.0261497            2.3099291            0.0000000
0            2.0527569            1.1549645            3.3558781
1            0.0261497            2.3099291            2.5076680
1            2.0527569            1.1549645            5.8635461
