4
         -13.9721198
        -102.5603784          -79.1068661         -105.3881219           -6.5774291            0.0000000            0.0000000
           4.2754872            0.0000000            0.0000000
          -2.0494881            3.5498175            0.0000000
           0.0000000            0.0000000            7.0344367
0            0.0588370            2.3665450            0.0000000
0            2.1671621            1.1832725            3.5172183
1            0.0588370            2.3665450            2.6282290
1            2.1671621            1.1832725            6.1454473
