4
         -14.3582497
         -81.8480672          -61.9340152          -85.0228104           -5.5367743            0.0000000            0.0000000
           4.1578132            0.0000000            0.0000000
          -2.0200696            3.4988632            0.0000000
           0.0000000            0.0000000            6.8408283
0            0.0392246            2.3325755            0.0000000
0            2.0985189            1.1662877            3.4204142
1            0.0392246            2.3325755            2.5558924
1            2.0985189            1.1662877            5.9763066
