4
         -14.1127584
         -96.6986581          -74.1443036          -99.8198974           -6.2984434            0.0000000            0.0000000
           4.2362625            0.0000000            0.0000000
          -2.0396819            3.5328328            0.0000000
           0.0000000            0.0000000            6.9699006
0            0.0522995            2.3552219            0.0000000
0            2.1442810            1.1776109            3.4849503
1            0.0522995            2.3552219            2.6041168
1            2.1442810            1.1776109            6.0890671
