4
         -14.4229707
         101.5398802           72.4508498          109.8115805            8.7039348            0.0000000            0.0000000
           3.7655667            0.0000000            0.0000000
          -1.9220080            3.3290155            0.0000000
           0.0000000            0.0000000            6.1954672
0           -0.0261498            2.2193437            0.0000000
0            1.8697085            1.1096718            3.0977336
1           -0.0261498            2.2193437            2.3147705
1            1.8697085            1.1096718            5.4125040
