4
         -14.2419160
         -89.8437276          -68.4507764          -93.0702356           -5.9401196            0.0000000            0.0000000
           4.1970379            0.0000000            0.0000000
          -2.0298758            3.5158480            0.0000000
           0.0000000            0.0000000            6.9053645
0            0.0457621            2.3438987            0.0000000
0            2.1214000            1.1719493            3.4526822
1            0.0457621            2.3438987            2.5800046
1            2.1214000            1.1719493            6.0326868
