4
         -13.8287915
         216.6250075          152.1366541          238.2511733           19.9511259            0.0000000            0.0000000
           3.6478927            0.0000000            0.0000000
          -1.8925895            3.2780612            0.0000000
           0.0000000            0.0000000            6.0018588
0           -0.0457621            2.1853741            0.0000000
0            1.8010653            1.0926870            3.0009294
1           -0.0457621            2.1853741            2.2424339
1            1.8010653            1.0926870            5.2433633
