4
         -12.7800582
         378.9053450          262.9826983          423.5791507           37.4029105            0.0000000            0.0000000
           3.5302187            0.0000000            0.0000000
          -1.8631710            3.2271069            0.0000000
           0.0000000            0.0000000            5.8082505
0           -0.0653744            2.1514046            0.0000000
0            1.7324222            1.0757023            2.9041252
1           -0.0653744            2.1514046            2.1700973
1            1.7324222            1.0757023            5.0742226
