4
         -14.2679941
         135.5027633           96.1374430          147.4331778           11.8938314            0.0000000            0.0000000
           3.7263420            0.0000000            0.0000000
          -1.9122018            3.3120307            0.0000000
           0.0000000            0.0000000            6.1309311
0           -0.0326872            2.2080205            0.0000000
0            1.8468274            1.1040102            3.0654655
1           -0.0326872            2.2080205            2.2906583
1            1.8468274            1.1040102            5.3561238
