4
         -14.6219770
          44.6777120           32.2172998           47.7745216            3.6480446            0.0000000            0.0000000
           3.8440160            0.0000000            0.0000000
          -1.9416203            3.3629850            0.0000000
           0.0000000            0.0000000            6.3245394
0           -0.0130749            2.2419900            0.0000000
0            1.9154706            1.1209950            3.1622697
1           -0.0130749            2.2419900            2.3629948
1            1.9154706            1.1209950            5.5252646
