4
         -14.6638348
         -34.8498042          -25.7052618          -36.6177343           -2.5996610            0.0000000            0.0000000
           4.0009146            0.0000000            0.0000000
          -1.9808450            3.4309241            0.0000000
           0.0000000            0.0000000            6.5826839
0            0.0130749            2.2872828            0.0000000
0            2.0069948            1.1436414            3.2913419
1            0.0130749            2.2872828            2.4594436
1            2.0069948            1.1436414            5.7507856
