4
         -14.0712936
         173.7294770          122.6142403          190.0432980           15.6293964            0.0000000            0.0000000
           3.6871174            0.0000000            0.0000000
          -1.9023957            3.2950459            0.0000000
           0.0000000            0.0000000            6.0663950
0           -0.0392247            2.1966973            0.0000000
0            1.8239464            1.0983486            3.0331975
1           -0.0392247            2.1966973            2.2665461
1            1.8239464            1.0983486            5.2997436
