4
         -14.6149029
         -49.1368229          -36.4662738          -51.4512734           -3.6012376            0.0000000            0.0000000
           4.0401392            0.0000000            0.0000000
          -1.9906511            3.4479089            0.0000000
           0.0000000            0.0000000            6.6472200
0            0.0196123            2.2986059            0.0000000
0            2.0298758            1.1493030            3.3236100
1            0.0196123            2.2986059            2.4835558
1            2.0298758            1.1493030            5.8071658
