4
         -13.5362883
         264.7589768          185.1586175          292.6006150           24.9335492            0.0000000            0.0000000
           3.6086681            0.0000000            0.0000000
          -1.8827833            3.2610764            0.0000000
           0.0000000            0.0000000            5.9373227
0           -0.0522996            2.1740509            0.0000000
0            1.7781843            1.0870255            2.9686614
1           -0.0522996            2.1740509            2.2183217
1            1.7781843            1.0870255            5.1869831
