4
         -23.1552988
         221.3217737          221.3217737           39.8320719            0.0000000           -0.0000000            0.0000000
           3.5716070            0.0000000            0.0000000
          -1.7858035            3.0931024            0.0000000
           0.0000000            0.0000000            6.2862996
0           -0.0000000            2.0620683            0.0000000
0            1.7858035            1.0310341            3.1431498
0           -0.0000000            2.0620683            2.3501882
0            1.7858035            1.0310341            5.4933380
