4
         -22.9237800
         271.9825135          271.9825135           50.4545940            0.0000000           -0.0000000            0.0000000
           3.5336112            0.0000000            0.0000000
          -1.7668056            3.0601971            0.0000000
           0.0000000            0.0000000            6.2862996
0           -0.0000000            2.0401314            0.0000000
0            1.7668056            1.0200657            3.1431498
0           -0.0000000            2.0401314            2.3501882
0            1.7668056            1.0200657            5.4933380
