4
         -22.3192610
         387.2897994          387.2897994           76.1253794            0.0000000           -0.0000000            0.0000000
           3.4576196            0.0000000            0.0000000
          -1.7288098            2.9943864            0.0000000
           0.0000000            0.0000000            6.2862996
0           -0.0000000            1.9962576            0.0000000
0            1.7288098            0.9981288            3.1431498
0           -0.0000000            1.9962576            2.3501882
0            1.7288098            0.9981288            5.4933380
