4
         -23.3718142
        -118.3489361         -118.3489361          -14.5953542            0.0000000           -0.0000000            0.0000000
           4.0275569            0.0000000            0.0000000
          -2.0137784            3.4879666            0.0000000
           0.0000000            0.0000000            6.2862996
0           -0.0000000            2.3253111            0.0000000
0            2.0137785            1.1626555            3.1431498
0           -0.0000000            2.3253111            2.3501882
0            2.0137785            1.1626555            5.4933380
