4
         -23.6525757
         -69.2280020          -69.2280020           -9.4342537           -0.0000000            0.0000000            0.0000000
           3.9135694            0.0000000            0.0000000
          -1.9567847            3.3892505            0.0000000
           0.0000000            0.0000000            6.2862996
0           -0.0000000            2.2595004            0.0000000
0            1.9567847            1.1297502            3.1431498
0           -0.0000000            2.2595004            2.3501882
0            1.9567847            1.1297502            5.4933380
