4
         -23.2451919
        -130.8654894         -130.8654894          -15.8047549            0.0000000           -0.0000000            0.0000000
           4.0655527            0.0000000            0.0000000
          -2.0327763            3.5208719            0.0000000
           0.0000000            0.0000000            6.2862996
0           -0.0000000            2.3472480            0.0000000
0            2.0327764            1.1736240            3.1431498
0           -0.0000000            2.3472480            2.3501882
0            2.0327764            1.1736240            5.4933380
