4
         -22.6462283
         326.9513144          326.9513144           62.3309045            0.0000000            0.0000000            0.0000000
           3.4956154            0.0000000            0.0000000
          -1.7478077            3.0272917            0.0000000
           0.0000000            0.0000000            6.2862996
0           -0.0000000            2.0181945            0.0000000
0            1.7478077            1.0090972            3.1431498
0           -0.0000000            2.0181945            2.3501882
0            1.7478077            1.0090972            5.4933380
