4
         -21.9396796
         452.4417717          452.4417717           91.5407382            0.0000000           -0.0000000            0.0000000
           3.4196238            0.0000000            0.0000000
          -1.7098119            2.9614811            0.0000000
           0.0000000            0.0000000            6.2862996
0           -0.0000000            1.9743207            0.0000000
0            1.7098119            0.9871603            3.1431498
0           -0.0000000            1.9743207            2.3501882
0            1.7098119            0.9871603            5.4933380
