4
         -23.7074792
         -48.6216325          -48.6216325           -6.8361114            0.0000000            0.0000000            0.0000000
           3.8755736            0.0000000            0.0000000
          -1.9377868            3.3563452            0.0000000
           0.0000000            0.0000000            6.2862996
0           -0.0000000            2.2375635            0.0000000
0            1.9377868            1.1187817            3.1431498
0           -0.0000000            2.2375635            2.3501882
0            1.9377868            1.1187817            5.4933380
