4
         -23.6831410
          59.9104003           59.9104003            9.5481336            0.0000000           -0.0000000            0.0000000
           3.7235903            0.0000000            0.0000000
          -1.8617952            3.2247238            0.0000000
           0.0000000            0.0000000            6.2862996
0           -0.0000000            2.1498159            0.0000000
0            1.8617952            1.0749079            3.1431498
0           -0.0000000            2.1498159            2.3501882
0            1.8617952            1.0749079            5.4933380
