4
         -22.9522315
        -151.2594644         -151.2594644          -17.3345405            0.0000000           -0.0000000           -0.0000000
           4.1415443            0.0000000            0.0000000
          -2.0707722            3.5866826            0.0000000
           0.0000000            0.0000000            6.2862996
0           -0.0000000            2.3911218            0.0000000
0            2.0707722            1.1955609            3.1431498
0           -0.0000000            2.3911218            2.3501882
0            2.0707722            1.1955609            5.4933380
