4
         -23.4928577
         132.9719764          132.9719764           22.5122596            0.0000000            0.0000000            0.0000000
           3.6475987            0.0000000            0.0000000
          -1.8237993            3.1589131            0.0000000
           0.0000000            0.0000000            6.2862996
0           -0.0000000            2.1059421            0.0000000
0            1.8237994            1.0529710            3.1431498
0           -0.0000000            2.1059421            2.3501882
0            1.8237994            1.0529710            5.4933380
