4
         -23.1048879
        -141.7101071         -141.7101071          -16.7969662            0.0000000            0.0000000            0.0000000
           4.1035485            0.0000000            0.0000000
          -2.0517743            3.5537773            0.0000000
           0.0000000            0.0000000            6.2862996
0           -0.0000000            2.3691849            0.0000000
0            2.0517743            1.1845924            3.1431498
0           -0.0000000            2.3691849            2.3501882
0            2.0517743            1.1845924            5.4933380
