4
         -22.7884490
        -159.4151998         -159.4151998          -17.6971714            0.0000000           -0.0000000            0.0000000
           4.1795402            0.0000000            0.0000000
          -2.0897701            3.6195880            0.0000000
           0.0000000            0.0000000            6.2862996
0           -0.0000000            2.4130586            0.0000000
0            2.0897701            1.2065293            3.1431498
0           -0.0000000            2.4130586            2.3501882
0            2.0897701            1.2065293            5.4933380
