4
         -23.4830695
        -103.9158770         -103.9158770          -13.2655596            0.0000000            0.0000000           -0.0000000
           3.9895611            0.0000000            0.0000000
          -1.9947805            3.4550612            0.0000000
           0.0000000            0.0000000            6.2862996
0           -0.0000000            2.3033742            0.0000000
0            1.9947805            1.1516871            3.1431498
0           -0.0000000            2.3033742            2.3501882
0            1.9947805            1.1516871            5.4933380
