4
         -23.7300680
          28.4362920           28.4362920            4.3983248            0.0000000           -0.0000000            0.0000000
           3.7615861            0.0000000            0.0000000
          -1.8807931            3.2576292            0.0000000
           0.0000000            0.0000000            6.2862996
0           -0.0000000            2.1717528            0.0000000
0            1.8807931            1.0858764            3.1431498
0           -0.0000000            2.1717528            2.3501882
0            1.8807931            1.0858764            5.4933380
