4
         -17.8286938
         -63.0848347          -14.8720868           -8.4517751          -12.5297136            0.0000000            0.0000000
           4.4947012            0.0000000            0.0000000
          -2.1201421            3.6721938            0.0000000
           0.0000000            0.0000000            6.9727034
0            0.0848057            2.4481292            0.0000000
0            2.2897534            1.2240646            3.4863517
1            0.0848057            2.4481292            2.6093398
1            2.2897534            1.2240646            6.0956915
