4
         -17.9302599
         -35.6988463           -8.6174313           -4.6551652           -7.3857364            0.0000000            0.0000000
           4.3674926            0.0000000            0.0000000
          -2.1201421            3.6721938            0.0000000
           0.0000000            0.0000000            6.9727034
0            0.0424028            2.4481292            0.0000000
0            2.2049478            1.2240646            3.4863517
1            0.0424028            2.4481292            2.6093398
1            2.2049478            1.2240646            6.0956915
