4
         -17.9033734
         -45.6857562          -10.9340605           -6.0184970           -9.3223913            0.0000000            0.0000000
           4.4098955            0.0000000            0.0000000
          -2.1201421            3.6721938            0.0000000
           0.0000000            0.0000000            6.9727034
0            0.0565371            2.4481292            0.0000000
0            2.2332163            1.2240646            3.4863517
1            0.0565371            2.4481292            2.6093398
1            2.2332163            1.2240646            6.0956915
