4
         -17.7129738
         103.5145619           28.1039572           14.0124997           24.3353712            0.0000000            0.0000000
           3.9858671            0.0000000            0.0000000
          -2.1201421            3.6721938            0.0000000
           0.0000000            0.0000000            6.9727034
0           -0.0848057            2.4481292            0.0000000
0            1.9505307            1.2240646            3.4863517
1           -0.0848057            2.4481292            2.6093398
1            1.9505307            1.2240646            6.0956915
