4
         -17.6731812
         -83.5834211          -19.3899242          -11.6536635          -15.8850611            0.0000000            0.0000000
           4.6219097            0.0000000            0.0000000
          -2.1201421            3.6721938            0.0000000
           0.0000000            0.0000000            6.9727034
0            0.1272085            2.4481292            0.0000000
0            2.3745591            1.2240646            3.4863517
1            0.1272085            2.4481292            2.6093398
1            2.3745591            1.2240646            6.0956915
