4
         -17.8964231
          45.8844755           11.9485432            6.1003776           10.3666459            0.0000000            0.0000000
           4.1130756            0.0000000            0.0000000
          -2.1201421            3.6721938            0.0000000
           0.0000000            0.0000000            6.9727034
0           -0.0424029            2.4481292            0.0000000
0            2.0353364            1.2240646            3.4863517
1           -0.0424029            2.4481292            2.6093398
1            2.0353364            1.2240646            6.0956915
