4
         -17.2277590
         202.9819225           58.8907606           28.7268023           50.2210995            0.0000000            0.0000000
           3.8162557            0.0000000            0.0000000
          -2.1201421            3.6721938            0.0000000
           0.0000000            0.0000000            6.9727034
0           -0.1413428            2.4481292            0.0000000
0            1.8374565            1.2240646            3.4863517
1           -0.1413428            2.4481292            2.6093398
1            1.8374565            1.2240646            6.0956915
