4
         -17.3788281
         175.4317949           49.9961664           24.5036048           42.8659470            0.0000000            0.0000000
           3.8586585            0.0000000            0.0000000
          -2.1201421            3.6721938            0.0000000
           0.0000000            0.0000000            6.9727034
0           -0.1272085            2.4481292            0.0000000
0            1.8657250            1.2240646            3.4863517
1           -0.1272085            2.4481292            2.6093398
1            1.8657250            1.2240646            6.0956915
