4
         -17.7300212
         -77.4526749          -18.0579102          -10.6464322          -14.9598370            0.0000000            0.0000000
           4.5795068            0.0000000            0.0000000
          -2.1201421            3.6721938            0.0000000
           0.0000000            0.0000000            6.9727034
0            0.1130742            2.4481292            0.0000000
0            2.3462906            1.2240646            3.4863517
1            0.1130742            2.4481292            2.6093398
1            2.3462906            1.2240646            6.0956915
