4
         -17.5091739
         149.7345027           41.9700724           20.6805649           36.1380156            0.0000000            0.0000000
           3.9010614            0.0000000            0.0000000
          -2.1201421            3.6721938            0.0000000
           0.0000000            0.0000000            6.9727034
0           -0.1130743            2.4481292            0.0000000
0            1.8939936            1.2240646            3.4863517
1           -0.1130743            2.4481292            2.6093398
1            1.8939936            1.2240646            6.0956915
