4
         -17.8693249
         -54.7847058          -13.0136074           -7.2748082          -11.0295487            0.0000000            0.0000000
           4.4522983            0.0000000            0.0000000
          -2.1201421            3.6721938            0.0000000
           0.0000000            0.0000000            6.9727034
0            0.0706714            2.4481292            0.0000000
0            2.2614849            1.2240646            3.4863517
1            0.0706714            2.4481292            2.6093398
1            2.2614849            1.2240646            6.0956915
