4
         -17.6120427
         -89.0542270          -20.5769928          -12.6038753          -16.6417669            0.0000000            0.0000000
           4.6643125            0.0000000            0.0000000
          -2.1201421            3.6721938            0.0000000
           0.0000000            0.0000000            6.9727034
0            0.1413428            2.4481292            0.0000000
0            2.4028277            1.2240646            3.4863517
1            0.1413428            2.4481292            2.6093398
1            2.4028277            1.2240646            6.0956915
