4
         -17.9491794
         -24.8052414           -6.0386985           -3.2144290           -5.2022913            0.0000000            0.0000000
           4.3250898            0.0000000            0.0000000
          -2.1201421            3.6721938            0.0000000
           0.0000000            0.0000000            6.9727034
0            0.0282685            2.4481292            0.0000000
0            2.1766792            1.2240646            3.4863517
1            0.0282685            2.4481292            2.6093398
1            2.1766792            1.2240646            6.0956915
