4
         -17.8499748
          63.6963108           16.8069374            8.5139972           14.5762692            0.0000000            0.0000000
           4.0706728            0.0000000            0.0000000
          -2.1201421            3.6721938            0.0000000
           0.0000000            0.0000000            6.9727034
0           -0.0565371            2.4481292            0.0000000
0            2.0070678            1.2240646            3.4863517
1           -0.0565371            2.4481292            2.6093398
1            2.0070678            1.2240646            6.0956915
