4
         -17.9593903
         -12.9182140           -3.1818056           -1.6538402           -2.7594218            0.0000000            0.0000000
           4.2826870            0.0000000            0.0000000
          -2.1201421            3.6721938            0.0000000
           0.0000000            0.0000000            6.9727034
0            0.0141343            2.4481292            0.0000000
0            2.1484106            1.2240646            3.4863517
1            0.0141343            2.4481292            2.6093398
1            2.1484106            1.2240646            6.0956915
