4
         -17.9505352
          14.1057471            3.5909477            1.8652645            3.0856658            0.0000000            0.0000000
           4.1978813            0.0000000            0.0000000
          -2.1201421            3.6721938            0.0000000
           0.0000000            0.0000000            6.9727034
0           -0.0141343            2.4481292            0.0000000
0            2.0918735            1.2240646            3.4863517
1           -0.0141343            2.4481292            2.6093398
1            2.0918735            1.2240646            6.0956915
