4
         -17.7820510
         -70.6183227          -16.5506077           -9.5793935          -13.8383740            0.0000000            0.0000000
           4.5371040            0.0000000            0.0000000
          -2.1201421            3.6721938            0.0000000
           0.0000000            0.0000000            6.9727034
0            0.0989399            2.4481292            0.0000000
0            2.3180220            1.2240646            3.4863517
1            0.0989399            2.4481292            2.6093398
1            2.3180220            1.2240646            6.0956915
