4
         -14.5412243
          15.0517895           15.0517895          110.6194637            0.0000000            0.0000000            0.0000000
           3.9224653            0.0000000            0.0000000
          -1.9612326            3.3969546            0.0000000
           0.0000000            0.0000000            6.1309311
0           -0.0000000            2.2646364            0.0000000
0            1.9612327            1.1323182            3.0654655
1           -0.0000000            2.2646364            2.2906583
1            1.9612327            1.1323182            5.3561238
