4
         -14.6686134
          -7.4143125           -7.4143125          -43.6575928            0.0000000           -0.0000000           -0.0000000
           3.9224653            0.0000000            0.0000000
          -1.9612326            3.3969546            0.0000000
           0.0000000            0.0000000            6.6472200
0           -0.0000000            2.2646364            0.0000000
0            1.9612327            1.1323182            3.3236100
1           -0.0000000            2.2646364            2.4835558
1            1.9612327            1.1323182            5.8071658
