4
         -14.5420974
         -15.7570181          -15.7570181          -83.3907630            0.0000000            0.0000000            0.0000000
           3.9224653            0.0000000            0.0000000
          -1.9612326            3.3969546            0.0000000
           0.0000000            0.0000000            6.9053645
0           -0.0000000            2.2646364            0.0000000
0            1.9612327            1.1323182            3.4526822
1           -0.0000000            2.2646364            2.5800046
1            1.9612327            1.1323182            6.0326868
