4
         -14.4005227
         -21.1492697          -21.1492697         -102.7135192            0.0000000            0.0000000            0.0000000
           3.9224653            0.0000000            0.0000000
          -1.9612326            3.3969546            0.0000000
           0.0000000            0.0000000            7.0989728
0           -0.0000000            2.2646364            0.0000000
0            1.9612327            1.1323182            3.5494864
1           -0.0000000            2.2646364            2.6523412
1            1.9612327            1.1323182            6.2018276
