4
         -14.3824361
          22.3853418           22.3853418          173.2644787            0.0000000            0.0000000            0.0000000
           3.9224653            0.0000000            0.0000000
          -1.9612326            3.3969546            0.0000000
           0.0000000            0.0000000            6.0018588
0           -0.0000000            2.2646364            0.0000000
0            1.9612327            1.1323182            3.0009294
1           -0.0000000            2.2646364            2.2424339
1            1.9612327            1.1323182            5.2433633
