4
         -14.4511717
         -19.4165161          -19.4165161          -97.0757493            0.0000000            0.0000000            0.0000000
           3.9224653            0.0000000            0.0000000
          -1.9612326            3.3969546            0.0000000
           0.0000000            0.0000000            7.0344367
0           -0.0000000            2.2646364            0.0000000
0            1.9612327            1.1323182            3.5172183
1           -0.0000000            2.2646364            2.6282290
1            1.9612327            1.1323182            6.1454473
