4
         -14.6943408
          -2.5672431           -2.5672431          -16.0938146            0.0000000           -0.0000000            0.0000000
           3.9224653            0.0000000            0.0000000
          -1.9612326            3.3969546            0.0000000
           0.0000000            0.0000000            6.5181478
0           -0.0000000            2.2646364            0.0000000
0            1.9612327            1.1323182            3.2590739
1           -0.0000000            2.2646364            2.4353314
1            1.9612327            1.1323182            5.6944053
