4
         -14.6389836
           8.6022359            8.6022359           59.4166676            0.0000000           -0.0000000            0.0000000
           3.9224653            0.0000000            0.0000000
          -1.9612326            3.3969546            0.0000000
           0.0000000            0.0000000            6.2600033
0           -0.0000000            2.2646364            0.0000000
0            1.9612327            1.1323182            3.1300017
1           -0.0000000            2.2646364            2.3388827
1            1.9612327            1.1323182            5.4688843
