4
         -14.0010220
          35.0507902           35.0507902          292.4379349            0.0000000           -0.0000000            0.0000000
           3.9224653            0.0000000            0.0000000
          -1.9612326            3.3969546            0.0000000
           0.0000000            0.0000000            5.8082505
0           -0.0000000            2.2646364            0.0000000
0            1.9612327            1.1323182            2.9041252
1           -0.0000000            2.2646364            2.1700973
1            1.9612327            1.1323182            5.0742226
