4
         -14.4985047
         -17.6181031          -17.6181031          -90.6649762            0.0000000           -0.0000000            0.0000000
           3.9224653            0.0000000            0.0000000
          -1.9612326            3.3969546            0.0000000
           0.0000000            0.0000000            6.9699006
0           -0.0000000            2.2646364            0.0000000
0            1.9612327            1.1323182            3.4849503
1           -0.0000000            2.2646364            2.6041168
1            1.9612327            1.1323182            6.0890671
