4
         -14.6160821
         -11.7464987          -11.7464987          -65.6804979            0.0000000           -0.0000000            0.0000000
           3.9224653            0.0000000            0.0000000
          -1.9612326            3.3969546            0.0000000
           0.0000000            0.0000000            6.7762922
0           -0.0000000            2.2646364            0.0000000
0            1.9612327            1.1323182            3.3881461
1           -0.0000000            2.2646364            2.5317802
1            1.9612327            1.1323182            5.9199263
