4
         -14.6868515
           2.7205903            2.7205903           17.7869581            0.0000000           -0.0000000            0.0000000
           3.9224653            0.0000000            0.0000000
          -1.9612326            3.3969546            0.0000000
           0.0000000            0.0000000            6.3890755
0           -0.0000000            2.2646364            0.0000000
0            1.9612327            1.1323182            3.1945378
1           -0.0000000            2.2646364            2.3871070
1            1.9612327            1.1323182            5.5816448
