4
         -14.5815380
         -13.7875362          -13.7875362          -75.0873807            0.0000000            0.0000000            0.0000000
           3.9224653            0.0000000            0.0000000
          -1.9612326            3.3969546            0.0000000
           0.0000000            0.0000000            6.8408283
0           -0.0000000            2.2646364            0.0000000
0            1.9612327            1.1323182            3.4204142
1           -0.0000000            2.2646364            2.5558924
1            1.9612327            1.1323182            5.9763066
