4
         -14.1498627
          30.5218135           30.5218135          248.8203148            0.0000000            0.0000000            0.0000000
           3.9224653            0.0000000            0.0000000
          -1.9612326            3.3969546            0.0000000
           0.0000000            0.0000000            5.8727866
0           -0.0000000            2.2646364            0.0000000
0            1.9612327            1.1323182            2.9363933
1           -0.0000000            2.2646364            2.1942095
1            1.9612327            1.1323182            5.1306028
