4
         -14.2763480
          26.2931544           26.2931544          209.0848937            0.0000000           -0.0000000            0.0000000
           3.9224653            0.0000000            0.0000000
          -1.9612326            3.3969546            0.0000000
           0.0000000            0.0000000            5.9373227
0           -0.0000000            2.2646364            0.0000000
0            1.9612327            1.1323182            2.9686614
1           -0.0000000            2.2646364            2.2183217
1            1.9612327            1.1323182            5.1869831
