4
         -19.1453033
          14.8507260           22.1047768           23.4794804           -2.0834892            0.0000000            0.0000000
           3.9264902            0.0000000            0.0000000
          -1.9533795            3.3833526            0.0000000
           0.0000000            0.0000000            6.4446498
0            0.0065770            2.2555684            0.0000000
0            1.9665336            1.1277842            3.2223249
1            0.0065770            2.2555684            2.4091710
1            1.9665336            1.1277842            5.6314959
