4
         -18.6620852
         -65.6744360          -93.4788251          -96.3112334            8.3081517            0.0000000            0.0000000
           4.0843390            0.0000000            0.0000000
          -2.1112284            3.6567549            0.0000000
           0.0000000            0.0000000            6.9654295
0           -0.0460393            2.4378366            0.0000000
0            2.0191499            1.2189183            3.4827148
1           -0.0460393            2.4378366            2.6038515
1            2.0191499            1.2189183            6.0865663
