4
         -18.8982019
         -52.5250015          -75.6290949          -78.4555399            6.8611236            0.0000000            0.0000000
           4.0448768            0.0000000            0.0000000
          -2.0717662            3.5884043            0.0000000
           0.0000000            0.0000000            6.8352346
0           -0.0328852            2.3922695            0.0000000
0            2.0059958            1.1961348            3.4176173
1           -0.0328852            2.3922695            2.5551814
1            2.0059958            1.1961348            5.9727987
