4
         -18.9924867
         -44.4818292          -64.4401139          -67.0015777            5.9083805            0.0000000            0.0000000
           4.0251457            0.0000000            0.0000000
          -2.0520351            3.5542290            0.0000000
           0.0000000            0.0000000            6.7701371
0           -0.0263082            2.3694860            0.0000000
0            1.9994188            1.1847430            3.3850686
1           -0.0263082            2.3694860            2.5308463
1            1.9994188            1.1847430            5.9159149
