4
         -18.2127089
         -79.4136562         -111.2927110         -113.3387306            9.5180116            0.0000000            0.0000000
           4.1435324            0.0000000            0.0000000
          -2.1704217            3.7592807            0.0000000
           0.0000000            0.0000000            7.1607220
0           -0.0657704            2.5061871            0.0000000
0            2.0388810            1.2530935            3.5803610
1           -0.0657704            2.5061871            2.6768567
1            2.0388810            1.2530935            6.2572176
