4
         -18.2733593
         148.7956781          228.8325834          247.9762176          -21.8069994            0.0000000            0.0000000
           3.8081035            0.0000000            0.0000000
          -1.8349929            3.1783009            0.0000000
           0.0000000            0.0000000            6.0540649
0            0.0460392            2.1188673            0.0000000
0            1.9270714            1.0594336            3.0270325
1            0.0460392            2.1188673            2.2631606
1            1.9270714            1.0594336            5.2901931
