4
         -18.8916651
          70.7708952          107.1689783          114.8152091          -10.1954563            0.0000000            0.0000000
           3.8672969            0.0000000            0.0000000
          -1.8941862            3.2808268            0.0000000
           0.0000000            0.0000000            6.2493573
0            0.0263081            2.1872179            0.0000000
0            1.9468025            1.0936089            3.1246787
1            0.0263081            2.1872179            2.3361658
1            1.9468025            1.0936089            5.4608445
