4
         -17.9671732
         180.8464219          279.5475510          304.2352780          -26.5911580            0.0000000            0.0000000
           3.7883724            0.0000000            0.0000000
          -1.8152618            3.1441257            0.0000000
           0.0000000            0.0000000            5.9889674
0            0.0526163            2.0960838            0.0000000
0            1.9204944            1.0480419            2.9944837
1            0.0526163            2.0960838            2.2388256
1            1.9204944            1.0480419            5.2333093
