4
         -19.1240595
         -24.9855437          -36.6561588          -38.4192765            3.4002631            0.0000000            0.0000000
           3.9856835            0.0000000            0.0000000
          -2.0125729            3.4858784            0.0000000
           0.0000000            0.0000000            6.6399422
0           -0.0131541            2.3239190            0.0000000
0            1.9862647            1.1619595            3.3199711
1           -0.0131541            2.3239190            2.4821762
1            1.9862647            1.1619595            5.8021473
