4
         -18.7874993
         -59.5670465          -85.2560860          -88.1621270            7.6536413            0.0000000            0.0000000
           4.0646079            0.0000000            0.0000000
          -2.0914973            3.6225796            0.0000000
           0.0000000            0.0000000            6.9003321
0           -0.0394622            2.4150531            0.0000000
0            2.0125729            1.2075265            3.4501660
1           -0.0394622            2.4150531            2.5795164
1            2.0125729            1.2075265            6.0296825
