4
         -18.7312651
          94.0164083          143.1741728          153.8694943          -13.6427498            0.0000000            0.0000000
           3.8475658            0.0000000            0.0000000
          -1.8744551            3.2466515            0.0000000
           0.0000000            0.0000000            6.1842599
0            0.0328852            2.1644343            0.0000000
0            1.9402255            1.0822172            3.0921299
1            0.0328852            2.1644343            2.3118308
1            1.9402255            1.0822172            5.4039607
