4
         -17.1759333
         256.0219246          399.4363019          438.2123677          -37.7213372            0.0000000            0.0000000
           3.7489102            0.0000000            0.0000000
          -1.7757996            3.0757751            0.0000000
           0.0000000            0.0000000            5.8587725
0            0.0657703            2.0505167            0.0000000
0            1.9073403            1.0252584            2.9293863
1            0.0657703            2.0505167            2.1901555
1            1.9073403            1.0252584            5.1195417
