4
         -18.3732929
         -75.5154386         -106.3826435         -108.7408931            9.2260495            0.0000000            0.0000000
           4.1238013            0.0000000            0.0000000
          -2.1506906            3.7251054            0.0000000
           0.0000000            0.0000000            7.0956245
0           -0.0591933            2.4834036            0.0000000
0            2.0323040            1.2417018            3.5478122
1           -0.0591933            2.4834036            2.6525216
1            2.0323040            1.2417018            6.2003338
