4
         -17.6031532
         216.4224409          336.2151855          367.1494851          -31.8963077            0.0000000            0.0000000
           3.7686413            0.0000000            0.0000000
          -1.7955307            3.1099504            0.0000000
           0.0000000            0.0000000            5.9238700
0            0.0591933            2.0733003            0.0000000
0            1.9139173            1.0366501            2.9619350
1            0.0591933            2.0733003            2.2144905
1            1.9139173            1.0366501            5.1764255
