4
         -18.5265350
         119.9606281          183.5504047          198.0505986          -17.5119970            0.0000000            0.0000000
           3.8278347            0.0000000            0.0000000
          -1.8547240            3.2124762            0.0000000
           0.0000000            0.0000000            6.1191624
0            0.0394622            2.1416508            0.0000000
0            1.9336485            1.0708254            3.0595812
1            0.0394622            2.1416508            2.2874957
1            1.9336485            1.0708254            5.3470769
