4
         -19.0952325
          31.4582273           47.0745480           50.1461152           -4.4545233            0.0000000            0.0000000
           3.9067591            0.0000000            0.0000000
          -1.9336484            3.3491773            0.0000000
           0.0000000            0.0000000            6.3795523
0            0.0131540            2.2327849            0.0000000
0            1.9599566            1.1163924            3.1897761
1            0.0131540            2.2327849            2.3848359
1            1.9599566            1.1163924            5.5746121
