4
         -19.1381896
          37.2171182            8.1744914            3.8147988            8.5933643            0.0000000            0.0000000
           3.8672969            0.0000000            0.0000000
          -1.9731106            3.4175279            0.0000000
           0.0000000            0.0000000            6.5097472
0           -0.0263082            2.2783519            0.0000000
0            1.9204944            1.1391760            3.2548736
1           -0.0263082            2.2783519            2.4335061
1            1.9204944            1.1391760            5.6883797
