4
         -19.1491915
         -31.6645557           -6.6202198           -3.2421654           -7.0742890            0.0000000            0.0000000
           4.0251457            0.0000000            0.0000000
          -1.9731106            3.4175279            0.0000000
           0.0000000            0.0000000            6.5097472
0            0.0263081            2.2783519            0.0000000
0            2.0257269            1.1391760            3.2548736
1            0.0263081            2.2783519            2.4335061
1            2.0257269            1.1391760            5.6883797
