4
         -18.4347654
         258.7601905           64.0425974           28.6930911           64.1206974            0.0000000            0.0000000
           3.5515992            0.0000000            0.0000000
          -1.9731106            3.4175279            0.0000000
           0.0000000            0.0000000            6.5097472
0           -0.1315407            2.2783519            0.0000000
0            1.7100292            1.1391760            3.2548736
1           -0.1315407            2.2783519            2.4335061
1            1.7100292            1.1391760            5.6883797
