4
         -18.9652430
         -89.6446095          -17.8718763           -9.5425559          -18.9964576            0.0000000            0.0000000
           4.2224568            0.0000000            0.0000000
          -1.9731106            3.4175279            0.0000000
           0.0000000            0.0000000            6.5097472
0            0.0920785            2.2783519            0.0000000
0            2.1572677            1.1391760            3.2548736
1            0.0920785            2.2783519            2.4335061
1            2.1572677            1.1391760            5.6883797
