4
         -19.0009283
         105.1937640           24.0754630           11.0063786           25.0200636            0.0000000            0.0000000
           3.7489102            0.0000000            0.0000000
          -1.9731106            3.4175279            0.0000000
           0.0000000            0.0000000            6.5097472
0           -0.0657704            2.2783519            0.0000000
0            1.8415700            1.1391760            3.2548736
1           -0.0657704            2.2783519            2.4335061
1            1.8415700            1.1391760            5.6883797
