4
         -19.0597771
         -69.7958954          -14.1998507           -7.3244918          -15.1098216            0.0000000            0.0000000
           4.1435324            0.0000000            0.0000000
          -1.9731106            3.4175279            0.0000000
           0.0000000            0.0000000            6.5097472
0            0.0657703            2.2783519            0.0000000
0            2.1046514            1.1391760            3.2548736
1            0.0657703            2.2783519            2.4335061
1            2.1046514            1.1391760            5.6883797
