4
         -18.5879992
         223.4739949           54.4102594           24.4457777           54.9250109            0.0000000            0.0000000
           3.5910614            0.0000000            0.0000000
          -1.9731106            3.4175279            0.0000000
           0.0000000            0.0000000            6.5097472
0           -0.1183867            2.2783519            0.0000000
0            1.7363374            1.1391760            3.2548736
1           -0.1183867            2.2783519            2.4335061
1            1.7363374            1.1391760            5.6883797
