4
         -18.8315819
         160.0348568           37.7448061           17.0795947           38.7068813            0.0000000            0.0000000
           3.6699858            0.0000000            0.0000000
          -1.9731106            3.4175279            0.0000000
           0.0000000            0.0000000            6.5097472
0           -0.0920785            2.2783519            0.0000000
0            1.7889537            1.1391760            3.2548736
1           -0.0920785            2.2783519            2.4335061
1            1.7889537            1.1391760            5.6883797
