4
         -18.7197694
         190.6095841           45.6697544           20.5897549           46.4775747            0.0000000            0.0000000
           3.6305236            0.0000000            0.0000000
          -1.9731106            3.4175279            0.0000000
           0.0000000            0.0000000            6.5097472
0           -0.1052326            2.2783519            0.0000000
0            1.7626455            1.1391760            3.2548736
1           -0.1052326            2.2783519            2.4335061
1            1.7626455            1.1391760            5.6883797
