4
         -18.9248900
         131.6376679           30.5656970           13.9105152           31.5706196            0.0000000            0.0000000
           3.7094480            0.0000000            0.0000000
          -1.9731106            3.4175279            0.0000000
           0.0000000            0.0000000            6.5097472
0           -0.0789244            2.2783519            0.0000000
0            1.8152618            1.1391760            3.2548736
1           -0.0789244            2.2783519            2.4335061
1            1.8152618            1.1391760            5.6883797
