4
         -19.0610277
          80.7334046           18.2064529            8.3865515           19.0056665            0.0000000            0.0000000
           3.7883724            0.0000000            0.0000000
          -1.9731106            3.4175279            0.0000000
           0.0000000            0.0000000            6.5097472
0           -0.0526163            2.2783519            0.0000000
0            1.8678781            1.1391760            3.2548736
1           -0.0526163            2.2783519            2.4335061
1            1.8678781            1.1391760            5.6883797
