4
         -19.0155523
         -80.2304609          -16.1672272           -8.5049778          -17.1865807            0.0000000            0.0000000
           4.1829946            0.0000000            0.0000000
          -1.9731106            3.4175279            0.0000000
           0.0000000            0.0000000            6.5097472
0            0.0789244            2.2783519            0.0000000
0            2.1309595            1.1391760            3.2548736
1            0.0789244            2.2783519            2.4335061
1            2.1309595            1.1391760            5.6883797
