4
         -18.7833075
        -112.9988888          -22.0479933          -12.6853565          -23.3283439            0.0000000            0.0000000
           4.3408434            0.0000000            0.0000000
          -1.9731106            3.4175279            0.0000000
           0.0000000            0.0000000            6.5097472
0            0.1315407            2.2783519            0.0000000
0            2.2361921            1.1391760            3.2548736
1            0.1315407            2.2783519            2.4335061
1            2.2361921            1.1391760            5.6883797
