4
         -18.9094143
         -98.2639658          -19.4401637          -10.6345250          -20.6400968            0.0000000            0.0000000
           4.2619190            0.0000000            0.0000000
          -1.9731106            3.4175279            0.0000000
           0.0000000            0.0000000            6.5097472
0            0.1052325            2.2783519            0.0000000
0            2.1835758            1.1391760            3.2548736
1            0.1052325            2.2783519            2.4335061
1            2.1835758            1.1391760            5.6883797
