4
         -19.0972843
         -58.2683672          -11.9581219           -6.0509044          -12.7519519            0.0000000            0.0000000
           4.1040702            0.0000000            0.0000000
          -1.9731106            3.4175279            0.0000000
           0.0000000            0.0000000            6.5097472
0            0.0526163            2.2783519            0.0000000
0            2.0783432            1.1391760            3.2548736
1            0.0526163            2.2783519            2.4335061
1            2.0783432            1.1391760            5.6883797
